0|0.555071
1|0.537603
3|0.554862
5|0.500096
7|0.494839
9|0.528362
11|0.499956
14|0.500039
15|0.499613
16|0.500001
19|0.501127
21|0.499985
22|0.500004
27|0.572604
29|0.522627
32|0.500289
33|0.103178
34|0.481568
38|0.500234
42|0.500614
44|0.499973
45|0.557741
46|0.463055
48|0.50177
50|0.499778
52|0.430029
55|0.499876
57|0.499956
58|0.5
63|0.499925
64|0.499754
66|0.500045
68|0.500714
70|0.498965
76|0.5
81|0.555479
83|0.524354
86|0.499973
87|0.116018
88|0.499469
92|0.500269
96|0.499924
98|0.48515
99|0.556585
100|0.514859
102|0.500096
104|0.323618
106|0.356383
110|0.526469
114|0.0807548
116|0.0558606
125|0.497659
126|0.574921
128|0.0435023
131|0.455045
132|0.0468367
133|0.444174
135|0.123065
136|0.499132
138|0.499913
140|0.49005
142|0.480298
144|0.499439
146|0.485248
149|0.505
150|0.49005
151|0.5
154|0.356085
156|0.322994
157|0.499559
163|0.5101
165|0.513892
166|0.499951
171|0.500985
172|0.499951
174|0.499999
176|0.50043
178|0.5
184|0.50005
189|0.533738
190|0.52805
192|0.544437
194|0.500002
196|0.452744
198|0.502104
200|0.500125
203|0.50995
204|0.50262
205|0.533967
208|0.42642
210|0.503535
211|0.505
220|0.5
226|0.495
228|0.495
229|0
243|0.512422
245|0.499512
248|0.500001
249|0.500083
250|0.5
254|0.497662
258|0.499853
260|0.48515
261|0.501283
262|0.515309
264|0.500706
266|0.499997
268|0.497862
272|0.503129
276|0.511675
278|0.480445
287|0.49995
288|0.537064
290|0.44361
293|0.5
294|0.452282
295|0.487938
297|0.499992
298|0.5
300|0.500002
302|0.500097
304|0.5
306|0.499923
308|0.48515
311|0.505
312|0.49005
313|0.49995
316|0.499973
318|0.5
319|0.5
326|0.500288
330|0.499969
332|0.495
341|0.5
342|0.500152
344|0.293784
347|0.499901
348|0.29137
349|0.499901
359|0
371|0
375|0
378|0.500717
380|0.501864
383|0.505
384|0.500003
385|0.5
389|0.50995
393|0.5
395|0.5
396|0.500211
397|0.5
399|0.5
401|0.49005
403|0.246428
405|0.511886
406|0.50229
408|0.500346
410|0.5
412|0.5
414|0.511439
416|0.443192
419|0.505
420|0.418433
421|0.505
424|0.519396
426|0.505762
427|0.694441
432|0.910815
434|0.511907
437|0.538628
438|0.528844
439|0.556808
443|0.533967
447|0.561239
449|0.5
450|0.568791
451|0.726422
453|0.611089
455|0.500296
457|0.443608
460|0.5
462|0.499999
463|0.5
468|0.434506
469|0.5
471|0.499901
473|0.495
475|0.5
481|0.500049
487|0.465917
489|0.503704
490|0.499952
495|0.50197
496|0.5
498|0.49993
500|0.499979
502|0.5
508|0.500147
513|0.571974
514|0.501026
516|0.516812
518|0.5
520|0.434689
522|0.505569
524|0.509358
527|0.5
528|0.499996
529|0.5
532|0.421472
534|0.50005
535|0.505
544|0.5
550|0.485248
552|0.495
553|0
567|0.181632
568|0.14922
570|0.515014
572|0.452376
574|0.137074
576|0.509767
578|0.447669
581|0.499559
582|0.452191
583|0.499655
586|0.135697
588|0.296364
589|0.524505
594|0.574793
596|0.527571
599|0.5
600|0.0746955
601|0.0489405
605|0.49998
609|0.499956
611|0.461372
612|0.568094
613|1
615|1
617|0.203864
619|0.0267307
622|0.136317
624|0.438985
625|0.5
630|0.452569
631|0.499128
633|0.5
635|0.49005
637|0.480298
643|0.48515
652|0.495
658|0.495
660|0.49005
661|0
676|0.470836
678|0.500029
679|0.5
684|0.500017
685|0.5
687|0.49995
689|0.5
691|0.495
697|0.495
729|0.53583
731|0.50232
734|0.500003
735|0.499439
736|0.499851
740|0.500001
744|0.499909
746|0.5
747|0.503542
748|0.499958
750|0.5
752|0.5
754|0.495
758|0.512191
762|0.504393
764|0.513514
773|0.53271
774|0.503833
776|0.50733
779|0.5119
780|0.49005
781|0
783|0.49983
784|0.50001
786|0.5
788|0.499999
790|0.5
792|0.500014
794|0.495
797|0.50313
798|0.5
799|0.499956
802|0.5
804|0.499999
805|0.5
812|0.50336
816|0.492769
818|0.47074
827|0
828|0.517987
830|0.515588
833|0.5
834|0.470925
835|0.409966
845|0.538628
857|0.837777
861|0.755055
863|1
864|0.497931
866|0.47074
869|0.5
870|0.466033
871|0.5
875|0
879|0
882|0.487536
883|0.499901
885|0.499901
887|0.283563
889|0.319295
891|0.534918
892|0.500359
894|0.50012
896|0.500514
898|0.495
900|0.500317
902|0.5001
905|0.524505
906|0.50044
907|0.50995
910|0.49005
912|0.500001
913|0.5
918|0.539183
920|0.542081
923|0.776238
924|0.277565
925|0
929|0.73983
933|0.524505
935|0.58537
936|0.251317
937|0
939|0.501288
941|0.503557
946|0.501165
948|0.50005
949|0.505
954|0.501066
955|0.52926
957|0.505
959|0.518891
961|0.500295
967|0.50005
974|0.5
978|0.5
980|0.5
989|0.5
990|0.500028
992|0.50013
995|0.500561
996|0.5
997|0.5
1007|0.533967
1019|0.524505
1023|0.505
1025|1
1026|0.5
1028|0.5
1031|0.500004
1032|0.5
1033|0.5
1037|0.5
1041|0.5
1043|0.5
1044|0.499999
1045|0.5
1047|0.5
1049|0.5
1051|0.5
1061|0.5
1073|0.691355
1077|0.533967
1079|1
1109|0.500279
1113|0.500096
1115|0.47074
1124|0
1125|0.50043
1127|0.502917
1130|0.5
1131|0.500621
1132|0.5
1134|0.500253
1136|0.5
1139|0.505
1140|0.5
1141|0.5
1145|0.505
1149|0.50995
1151|0.5
1152|0.499999
1153|0.499999
1155|0.500796
1157|0.50648
1159|0.298718
1163|0.805608
1167|0.561239
1169|0.5001
1178|0.665514
1179|0.603636
1181|0.685651
1184|0.778476
1185|0.461372
1186|0
1188|0.5
1189|0.50007
1191|0.5
1193|0.500136
1195|0.5
1197|0.500072
1199|0.495
1202|0.574271
1203|0.49005
1204|0.50995
1207|0.499999
1209|0.499999
1210|0.5
1215|0.493378
1216|0.5
1218|0.500003
1220|0.499999
1222|0.495
1224|0.5
1226|0.5
1229|0.500087
1230|0.495
1231|0.5
1234|0.495
1236|0.500096
1237|0.505
1242|0.510471
1244|0.511671
1247|0.502281
1248|0.325844
1249|0
1253|0.51264
1257|0.49995
1259|0.296402
1260|0.331188
1261|0
1263|0.50995
1265|0.517749
1270|0.5
1272|0.499999
1273|0.5
1278|0.495
1279|0.5
1281|0.5
1283|0.490149
1285|0.5
1291|0.5
1296|0.445067
1298|0.408452
1301|0.499851
1302|0.411154
1303|0.499901
1307|0
1311|0
1314|0.4097
1315|0.552331
1317|0.538628
1319|0.298443
1321|0.326305
1325|0.609568
1329|0.398649
1331|0.291494
1340|0
1341|1
1343|0.76862
1346|0.868644
1347|0.173529
1348|0
1350|0.405474
1351|0.499851
1353|0.499802
1355|0.49005
1357|0.495
1359|0
1364|0
1366|0
1369|0.490099
1371|0.495
1372|0.5
1378|0.495
1380|0.5
1381|0.5
1386|0.500013
1387|0.5
1389|0.5
1391|0.503027
1393|0.5
1399|0.5
1404|0.20081
1405|0
1407|0.500001
1409|0.500048
1413|0.500899
1415|0.510552
1418|0.697497
1419|0.495
1420|0
1425|0.495
1426|0
1435|1
1441|1
1443|1
1459|0.542792
1461|0.553497
1462|0.493983
1467|0.508484
1468|0.499887
1470|0.500881
1472|0.504502
1474|0.500041
1480|0.48166
1485|0.536304
1486|0.973403
1488|0.554479
1490|0.505892
1492|0.455858
1494|0.535335
1496|0.499997
1499|0.515318
1500|0.499842
1501|0.500591
1504|0.429275
1506|0.464696
1507|0.543241
1516|0.475495
1522|0.495049
1524|0.485248
1525|0
1539|0.531146
1540|0.525878
1542|0.502571
1544|0.480545
1546|0.234885
1548|0.518063
1550|0.501053
1553|0.50995
1554|0.499988
1555|0.499951
1558|0.174243
1560|0.313806
1561|0.441097
1566|0.535321
1568|0.0526929
1571|0.499175
1572|0.0386893
1573|0.391309
1577|0.499973
1581|0.499962
1583|0.452375
1584|0.0192468
1585|0.31149
1587|0.36234
1589|0.258834
1591|0.210271
1594|0.211288
1596|0.461418
1597|0.49995
1602|0.495886
1603|0.476043
1605|0.51485
1607|1
1609|0.401284
1615|0.36299
1624|0.475495
1630|0.495
1632|0.480298
1633|0
1648|0.535962
1650|0.545134
1651|0.832812
1656|0.5
1657|0.509073
1659|0.519883
1661|0.518741
1663|0.510069
1669|1
1701|0.498749
1702|0.500104
1704|0.501462
1706|0.500002
1708|0.499995
1710|0.500004
1712|0.48515
1715|0.50995
1716|0.495
1717|0.50027
1720|0.496589
1722|0.499999
1723|0.524505
1728|0.985694
1730|0.33263
1733|0.50023
1734|0.31776
1735|0.500007
1739|0.499704
1743|0.497006
1745|0.47074
1746|0.324279
1747|0.505
1749|0.524505
1751|0.49005
1753|0.445224
1756|0.5
1758|0.499999
1759|0.499951
1764|0.49005
1765|0.5
1767|0.5
1769|1
1771|0.49005
1777|0.50005
1782|0.501149
1784|0.48515
1787|0.505
1788|0.480298
1789|0.49951
1793|0.505
1797|0.499901
1799|0.495
1800|0.279172
1801|0.479953
1803|0.499851
1805|0.495
1807|0.396807
1811|0
1815|0
1826|0
1827|0
1832|0
1834|0
1836|0.503286
1837|0.501035
1839|0.533967
1841|1
1843|0.466127
1845|0.51485
1847|1
1851|0.5
1852|0.5
1855|0.235303
1857|0.49005
1858|0.499802
1864|0.500096
1866|0.501604
1867|0.524505
1872|0.426511
1873|0.496585
1875|0.480466
1877|0.429137
1879|0.466273
1885|1
1890|0.985609
1891|0.978265
1893|0.979742
1895|0.506673
1897|0.501851
1899|0.987519
1901|0.374538
1904|0.895754
1905|0.365091
1906|0.556808
1909|1
1911|1
1921|0.5
1927|0.470835
1929|0.42647
1930|0
1948|0.480346
1954|0.49005
1956|0.48515
1957|0
1972|0.501955
1974|0.524256
1975|0.499978
1980|0.499998
1981|0.499909
1983|0.499955
1985|0.5
1987|0.499998
1993|0.500775
2026|0.129582
2028|0.456945
2029|0.499851
2034|0.513413
2035|0.499415
2037|0.499418
2039|0.49005
2041|0.48515
2047|0.366152
2052|0.536724
2053|0.672674
2055|0.536673
2057|0.0443467
2059|0.0227294
2061|0.518474
2063|0.5
2066|0.5
2067|0.499993
2068|0.499984
2071|0.13539
2073|0.0239817
2074|0.561239
2083|0.495
2089|0.404987
2091|0.49005
2092|0
2137|0.49005
2143|0.461659
2145|0.145813
2146|0
2187|0.552845
2189|0.500077
2192|0.500612
2193|0.504188
2194|0.5
2198|0.500001
2202|0.5
2204|0.5
2205|0.558792
2206|0.500301
2208|0.500287
2210|0.480298
2212|0.499995
2216|0.500591
2220|0.500576
2222|0.500368
2231|0.500002
2232|0.50192
2234|0.500047
2237|0.499953
2238|0.500115
2239|0.4934
2241|0.405988
2242|0.5
2244|0.5
2246|0.48515
2248|0.5
2250|0.5
2252|0.50005
2255|0.50995
2256|0.5
2257|0.5
2260|0.5
2262|0.5
2263|0.5
2270|0.500499
2274|0.524102
2276|0.501664
2285|0.500121
2286|0.560382
2288|0.160142
2291|0
2292|0.558136
2293|0.536527
2303|0.574271
2315|0.706482
2319|0.961068
2321|1
2322|0.0830237
2324|0.0724872
2327|0
2328|0.0758985
2329|0.499958
2333|0.52926
2337|0.500042
2339|0.49005
2340|0.0643913
2341|0.499802
2343|0
2347|0.0810449
2349|0.516124
2350|0.5
2352|0.500004
2354|0.502915
2356|0.500002
2358|0.500007
2360|0.5
2363|0.51485
2364|0.5
2365|0.5
2368|0.5
2370|0.501824
2371|0.50995
2376|0.544727
2378|0.503998
2381|0.524505
2382|0.500149
2383|0.5
2387|0.505
2391|0.501856
2393|0.499787
2394|0.500069
2395|0.5
2397|0.543241
2399|0.500198
2401|0.47074
2404|0.5
2406|0.5
2407|0.5
2412|0.5
2413|0.5
2415|0.5
2417|0.5
2419|0.5
2425|0.5
2432|0.500002
2436|0.5
2438|0.5
2447|0.5
2448|0.501059
2450|0.499996
2453|0.499922
2454|0.502262
2455|0.5
2465|0.505
2477|0.505
2481|0.52926
2483|1
2484|0.5
2486|0.499999
2489|0.505
2490|0.5
2491|0.5
2495|0.505
2499|0.5
2501|0.5
2502|0.499998
2503|0.5
2505|0.5
2507|0.49005
2509|0.5
2519|0.52926
2531|0.519702
2535|0.89885
2537|1
2567|0.552331
2571|0.50007
2573|0.5001
2582|0.505
2583|0.50016
2585|0.48515
2588|0
2589|0.500962
2590|0.5
2592|0.500057
2594|0.500085
2597|0.50995
2598|0.5
2599|0.5
2603|0.505
2607|0.5
2609|0.5
2610|0.501049
2611|0.694441
2613|0.52926
2615|0.50073
2617|0.499984
2621|0.52926
2625|0.557831
2627|0.624983
2636|0.720867
2637|0.611089
2639|0.500198
2642|0.51485
2643|0.500439
2644|0.51485
2646|0.5
2647|0.5
2649|0.5
2651|0.5
2653|0.5
2655|0.500001
2657|0.5
2660|0.5
2661|0.5
2662|0.5
2665|0.5
2667|0.5
2668|0.505
2673|0.501339
2674|0.5
2676|0.5
2678|0.495
2680|0.499999
2682|0.5
2684|0.5
2687|0.500065
2688|0.5
2689|0.5
2692|0.499975
2694|0.49005
2695|0.519702
2700|0.509758
2702|0.520242
2705|0.499951
2706|0.499999
2707|0.49995
2711|0.5
2715|0.5
2717|0.499999
2718|0.499249
2719|0.524505
2721|0.505
2723|0.495
2725|0.47074
2728|0.5
2730|0.5
2731|0.5
2736|0.5
2737|0.5
2739|0.5
2741|0.49005
2743|0.5
2749|0.495
2754|0.504802
2756|0.452191
2759|0
2760|0.502562
2761|0.5
2765|0.5
2769|0.499978
2771|0.480298
2772|0.140817
2773|0.52926
2775|0
2779|0.0891144
2783|0.529996
2787|0.563213
2789|0.531707
2798|0.5
2799|1
2801|0.132008
2804|0
2805|0.707201
2806|0.820626
2808|0.0728796
2809|0.499227
2811|0
2815|0.480443
2817|0.499753
2819|0.49005
2822|0
2823|0.466033
2824|0.499803
2827|0.48515
2830|0
2836|0.5
2838|0.5
2839|0.5
2844|0.5
2845|0.5
2847|0.5
2849|0.503211
2851|0.5
2857|0.5
2862|0.499951
2863|0.5
2865|0.5
2867|0.5
2869|0.495
2871|0.5
2873|0.5
2876|0.538628
2877|0.499887
2878|0.5
2881|0.5
2883|0.5
2884|0.5
2893|1
2899|1
2901|1
2918|0.499902
2922|0.499816
2924|0.495
2933|0.5
2934|0.500039
2936|0.495
2939|0.5
2940|0.495
2941|0.5
2951|0.533967
2963|0.52926
2967|0.519702
2969|1
2970|0.49995
2972|0.495
2975|0.5
2976|0.49005
2977|0.5
2981|0.5
2985|0.5
2987|0.5
2988|0.495049
2989|0.5
2991|0.5
2993|0.5
2995|0.5
3005|0.51485
3017|0.697497
3021|0.900863
3023|1
3053|0.496825
3057|0.0484193
3059|0.0324633
3068|0
3069|0.45168
3071|0.363801
3074|0
3075|0.0538952
3076|0.5
3078|0.500273
3080|0.49005
3083|0.50995
3084|0.49005
3085|0.5
3089|0.505
3093|0.49995
3095|0.5
3096|0.48515
3097|0.49995
3099|0.502174
3101|0.480298
3103|0.5
3107|0.803644
3111|0.49956
3113|0.461372
3122|0.668859
3123|0.499274
3125|0.48515
3128|0.519702
3129|0.48515
3130|0
3132|0.49005
3133|0.519702
3135|0.505
3137|0.5
3139|0.5
3141|0.519702
3143|0.5
3146|0.578528
3147|0.5
3148|0.505
3151|0.5
3153|0.49005
3154|0.505
3167|0.5
3179|0.505
3183|0.51485
3185|1
3215|0.49995
3219|0.5
3221|0.5
3230|0.5
3231|0.499902
3233|0.495
3236|0.5
3237|0.49005
3238|0.5
3302|0.524505
3314|0.524505
3318|0.599185
3320|1
3323|0.505
3327|0.5
3329|0.5
3338|0.5
3339|0.49994
3341|0.495
3344|0.533967
3345|0.49005
3346|0.499034
3356|0.718047
3368|0.757504
3372|0.50995
3374|1
3375|0.5
3377|0.495
3380|0.50995
3381|0.499999
3382|0.5
3386|0.5
3390|0.49995
3392|0.495
3393|0.495
3394|0.5
3396|0.499951
3398|0.495
3400|0.186732
3402|0.499895
3404|0.495049
3407|0.5
3408|0.48515
3409|0.5
3413|0.49995
3417|0.5
3419|0.5
3420|0.495
3421|0.51485
3423|0.505
3425|0.5
3427|0.5
3431|0.502219
3435|0.499901
3437|0.48515
3446|0.499558
3447|0.524505
3449|0.5001
3452|0.52926
3453|0.495
3454|0
3456|0.49005
3457|0.5
3459|0.5
3461|0.50005
3463|0.5
3465|0.5
3467|0.5
3470|0.505
3471|0.5
3472|0.5
3475|0.5
3477|0.5
3478|0.5
3485|0.499901
3489|0.499318
3491|0.480298
3500|0
3501|0.556808
3503|0.48515
3506|0
3507|0.475495
3508|0.524505
3518|0.857646
3530|0.85031
3534|0.805608
3536|1
3537|0.498145
3539|0.456759
3542|0
3543|0.0343542
3544|0.498102
3548|0
3552|0
3555|0.366152
3556|0.505
3558|0
3562|0.47074
3564|0.495
3565|0.5
3567|0.5
3569|0.5
3571|0.5
3573|0.5
3575|0.495
3578|0.538628
3579|0.495
3580|0.5
3583|0.495049
3585|0.485398
3586|0.50995
3591|0.498894
3593|0.466033
3596|0.505
3597|0.480298
3598|0
3602|0.73983
3606|0.497914
3608|0.452191
3609|0.475495
3610|0
3612|0.5
3614|0.5
3619|1
3621|1
3627|1
3632|1
3634|1
3640|1
3645|0.520468
3646|0.500089
3648|0.500958
3650|0.480396
3652|0.499999
3654|0.5
3656|0.500052
3659|0.51485
3660|0.5
3661|0.5
3664|0.499987
3666|0.490099
3667|0.50995
3672|0.5487
3674|0.4977
3677|0.499958
3678|0.499966
3679|0.5
3683|0.500138
3687|0.5
3689|0.5
3690|0.496154
3691|0.533967
3693|0.50995
3695|0.495
3697|0.476449
3700|0.499998
3702|0.48515
3703|0.5
3708|0.5
3709|0.5
3711|0.5
3713|1
3715|0.499999
3721|0.5
3726|0.49995
3728|0.465954
3731|0
3732|0.499962
3733|0.499906
3737|0.52926
3741|0.500002
3743|0.50029
3744|0.136906
3745|0.498799
3747|0
3751|0.0926177
3755|0.478703
3759|0.499979
3761|0.40161
3770|0.5
3771|0.429005
3773|0.329143
3776|0
3777|0.325426
3778|0.402276
3780|0.0733053
3781|0.499175
3783|0
3787|0.480495
3789|0.538628
3791|1
3795|0.500252
3796|0.5
3799|0.480298
3802|0
3808|0.501855
3810|0.503556
3811|0.51485
3816|0.499999
3817|0.499956
3819|0.504038
3821|0.529981
3823|0.499995
3829|1
3834|0.550946
3835|0.678694
3837|0.916433
3839|0.501925
3841|0.5
3843|0.527194
3845|0.503783
3848|0.893637
3849|0.499996
3850|0.5
3853|1
3855|1
3865|0.5
3871|0.495
3873|0.48515
3874|0
3888|0.500005
3890|0.5
3893|0.5
3894|0.499999
3895|0.5
3899|0.5
3903|0.5
3905|0.5
3906|0.499998
3907|0.50995
3909|0.505
3911|0.49005
3913|0.499929
3917|0.5
3921|0.499853
3923|0.495
3932|0.49995
3933|0.50995
3935|0.5
3938|0.5
3939|0.49515
3940|0.533967
3942|0.5
3943|0.5
3945|0.5
3947|1
3949|0.499999
3951|0.5
3953|1
3957|0.5
3958|0.5
3961|0.499999
3963|0.5
3964|0.505
3971|0.5
3975|0.500001
3977|0.5
3986|0.50995
3987|0.497992
3989|0.475495
3992|0
3993|0.457612
3994|0.495548
4004|0
4016|0
4020|0
4023|0.543241
4025|1
4029|0.500044
4030|0.499954
4038|0.51485
4040|1
4041|0.475495
4042|0.499378
4044|0
4048|0.417257
4050|0.500241
4051|0.51485
4053|0.524505
4055|0.5
4057|0.5
4059|0.499851
4061|0.495
4064|0.641135
4065|0.495
4066|0.5
4069|1
4071|1
4077|0.971202
4079|0.502129
4082|0.574271
4083|0.499993
4084|0.533967
4088|0.543241
4092|0.499963
4094|0.456759
4095|1
4100|1
4102|1
4105|0.499998
4107|0.50005
4108|0.5
4113|0.495
4114|0.499802
4116|0.50995
4118|1
4120|0.48515
4126|1
4132|0.499992
4134|0.495
4135|0.5
4140|0.5
4141|0.5
4143|0.5
4145|0.495
4147|0.499999
4153|0.5
4158|0.499988
4159|0.5
4161|0.5
4163|0.490149
4165|0.499999
4167|0.5
4169|0.5
4172|0.5
4173|0.5
4174|0.5
4177|0.5
4179|0.5
4180|0.519702
4189|0.5
4195|0.5
4197|0.5
4198|0
4212|0.439128
4213|0.49951
4215|0
4219|0.480298
4221|0.499907
4223|0.495
4226|0
4227|0.499984
4228|0.499988
4231|0.475495
4234|0
4239|0.499992
4241|0.174607
4244|0
4245|0.499998
4246|0.499999
4250|0.5
4254|0.5
4256|0.5
4257|0.156332
4258|0.533967
4260|0
4264|0.23294
4267|0.475495
4270|0
4275|0.49005
4276|0.49995
4278|0
4282|0.456759
4297|0.5
4303|0.495
4305|0.495
4306|0
4321|0.5
4323|0.5
4324|0.5
4329|0.5
4330|0.5
4332|0.5
4334|0.5
4336|0.5
4342|1
4375|0.501629
4377|0.501688
4378|0.499865
4383|0.499696
4384|0.500005
4386|0.49995
4388|0.499999
4390|0.500194
4396|0.499982
4401|0.116358
4402|0.606523
4404|0.506069
4406|0.5
4408|0.447806
4410|0.500037
4412|0.499989
4415|0.5
4416|0.49992
4417|0.505
4420|0.430929
4422|0.500008
4423|0.500018
4432|0.495
4438|0.495
4440|0.49005
4441|0
4455|0.0979266
4456|0.499668
4458|0.505588
4460|0.500057
4462|0.49005
4464|0.497803
4466|0.475495
4469|0.500001
4470|0.47074
4471|0.499901
4474|0.318164
4476|0.500112
4477|0.503806
4482|0.0769424
4484|0.0513646
4487|0.5
4488|0.0258202
4489|0.498751
4493|0.498525
4497|0.496618
4499|0.461372
4500|0.0454339
4501|0.458101
4503|0.501437
4505|0.352379
4507|0.321306
4510|0.495
4512|0.499982
4513|0.5
4518|0.480298
4519|0.5
4521|0.49995
4523|0.5
4525|0.495
4531|0.480298
4540|0.48515
4546|0.495
4548|0.485198
4549|0
4564|0.475495
4566|0.5
4567|0.49995
4572|0.500134
4573|0.505
4575|0.500078
4577|0.500674
4579|1
4585|0.495
4617|0.500112
4618|0.500005
4620|0.500001
4622|0.5
4624|0.499999
4626|0.500002
4628|0.49005
4631|0.49995
4632|0.495
4633|0.505
4636|0.497621
4638|0.499999
4639|0.5
4644|0.500644
4646|0.48515
4649|0.5
4650|0.47584
4651|0.5
4655|0.499753
4659|0.50995
4661|0.49005
4662|0.470884
4663|0.49995
4665|0.5
4667|0.5
4669|0.443328
4672|0.499999
4674|0.499999
4675|0.5
4680|0.49005
4681|0.5
4683|0.49995
4685|0.5
4687|0.495
4693|0.5
4698|0.499854
4700|0.49005
4703|0.499959
4704|0.475495
4705|0.49995
4709|0.49995
4713|0.5
4715|0.5
4716|0.293834
4717|0.481934
4719|0.499969
4721|0.495
4723|0.397645
4727|0
4731|0
4742|0
4743|0
4748|0
4750|0
4752|0.499189
4753|0.49995
4755|0.5
4757|0.500146
4759|0.495
4761|0.49355
4763|0.457087
4766|0.51485
4767|0.461372
4768|0.5
4771|0.186335
4773|0.5
4774|0.5
4780|0.5
4782|0.5
4783|0.5
4788|0.443825
4789|0.5
4791|0.5
4793|0.5
4795|1
4801|0.5
4806|0.502993
4807|0.50995
4809|0.508519
4811|0.5
4813|1
4815|0.524505
4817|0.49005
4820|0.505
4821|1
4825|0.49005
4827|0.5
4828|0.5
4837|0.5
4843|0.5
4845|0.495
4846|0
4864|0.48515
4870|0.5
4872|0.495
4873|0
4888|0.480346
4890|0.500857
4891|0.5
4896|0.500016
4897|0.49995
4899|0.5
4901|0.5
4903|0.495
4909|0.5
4942|0.136175
4944|0.523552
4945|0.499656
4950|0.457046
4951|0.49995
4953|0.499704
4955|0.48515
4957|0.48515
4963|0.48515
4968|0.087041
4969|0.475014
4971|0.531332
4973|0.5
4975|0.0149622
4977|0.501269
4979|0.461372
4982|0.5
4983|0.447898
4984|0.495319
4987|0.185094
4989|0.509185
4990|0.533967
4999|0.48515
5005|0.480298
5007|0.49005
5008|0
5053|0.495
5059|0.5
5061|0.495
5062|0
5103|0.345878
5104|0.499901
5106|0.5
5108|0.5
5110|0.495
5112|0.500001
5114|0.5
5117|0.5
5118|0.5
5119|0.505
5122|0.5
5124|0.5
5125|0.499918
5130|0.0946291
5132|0.0827128
5135|0.5
5136|0.0829492
5137|0
5141|0.50217
5145|0.524505
5147|0.471033
5148|0.0831073
5149|0
5151|0.499951
5153|0.5
5158|0.5
5160|0.499999
5161|0.5
5166|0.495
5167|0.5
5169|0.5
5171|0.495
5173|0.495
5179|0.5
5184|0.496205
5186|0.466033
5189|0.5
5190|0.466375
5191|0.5
5195|0
5199|0
5202|0.467436
5203|0.499901
5205|0.500378
5207|0.5
5209|0.329819
5213|0.0419795
5217|0.496077
5219|0.0330111
5228|0
5229|0.3622
5231|0.0326457
5234|0.5
5235|0.238054
5236|0
5238|0.466033
5239|0.5
5241|0.499966
5243|0.49005
5245|0.5
5247|0
5252|0
5254|0
5257|0.49005
5259|0.499985
5260|0.499968
5266|0.495
5268|0.499999
5269|0.5
5274|0.500084
5275|0.5
5277|0.499958
5279|0.500046
5281|1
5287|0.495
5292|0.0576278
5293|0
5295|0.5
5297|0.5
5301|0.538628
5303|0.521909
5306|0.595136
5307|1
5313|0.456759
5314|0
5323|0.495
5329|0.5
5331|0.5
5332|0
5346|0.5
5348|0.5
5351|0.5
5352|0.5
5353|0.5
5357|0.5
5361|0.5
5363|0.5
5364|0.5
5365|0.499951
5367|0.5
5369|0.5
5371|0.495
5375|0.500849
5379|0.52926
5381|0.49005
5390|0.5
5391|0.49951
5393|0.48515
5396|0.5
5397|0.48515
5398|0
5400|0.499999
5401|0.5
5403|0.5
5405|0.5
5407|0.5
5409|0.49995
5411|0.5
5414|0.5
5415|0.5
5416|0.5
5419|0.5
5421|0.5
5422|0.5
5429|0.5
5433|0.49995
5435|0.495
5444|0
5445|0.5
5447|0.5
5450|0.5
5451|0.5
5452|0.499655
5462|0
5474|0
5478|0
5481|0.5
5483|0.495
5486|0.5
5487|0.480298
5488|0.5
5492|0
5496|0
5499|0.5
5500|0.5
5502|0.5
5504|0.5
5506|0.475495
5508|0.501012
5509|0.519702
5511|0.500161
5513|0.500786
5515|1
5517|0.519702
5519|0.5
5522|0.505
5523|1
5527|0.261543
5529|0.5
5530|0.5
5535|0.519702
5537|0.511026
5540|0.595136
5541|1
5546|0.591047
5552|1
5553|0.466033
5554|0
5556|0.5
5558|0.5
5563|0.500564
5565|0.499999
5566|0.5
5571|0.480298
5572|0.50995
5574|0.49995
5576|0.49005
5578|1
5584|0.5
5590|0.495
5592|0.5
5593|0.5
5598|0.5
5599|0.5
5601|0.5
5603|0.49005
5605|0.5
5611|0.49005
5616|0.0835127
5617|0
5619|0.499951
5621|0.5
5625|0.499704
5627|0.322993
5630|0.5
5631|0.49005
5632|0
5637|0.495
5638|0
5647|0.5
5653|0.5
5655|0.5
5656|0
5670|0.409784
5671|0.499704
5673|0.500003
5675|0.49005
5677|0.49005
5679|0
5684|0
5686|0
5689|0.49005
5691|0.500045
5692|0.505
5697|0.0378546
5699|0.0258375
5702|0.5
5703|0.0266322
5704|0
5708|0
5712|0
5715|0.0441827
5716|0
5718|0.726422
5720|0.5
5725|0.48515
5727|0.480298
5728|0.5
5734|0
5736|0
5746|0.48515
5755|0.5
5761|0.5
5763|0.48515
5764|0
5781|0.495
5782|0
5787|0.49005
5788|0
5790|0.5
5792|0.5
5836|0.475495
5842|0.48515
5844|0.49005
5845|0
5860|0.984246
5862|0.517457
5863|0.922889
5868|0.4474
5869|0.940621
5871|0.578528
5873|0.5
5875|0.500295
5881|0.500774
5914|0.255048
5916|0.503899
5917|0.538628
5922|0.491187
5923|0.519702
5925|0.52926
5927|0.5001
5929|0.495
5935|0.366152
5940|0.0595861
5941|0.944096
5943|0.611089
5945|0.480298
5947|0.278403
5949|0.519702
5951|0.46161
5954|0.505
5955|0.466079
5956|0.519702
5959|0.210134
5961|0.261121
5962|0.533967
5971|0.495
5977|0.404864
5979|0.495
5980|0
6025|0.475495
6031|0.469455
6033|0.13059
6034|0
6076|0.500068
6078|0.500094
6079|0.505
6084|0.5
6085|0.505
6087|0.505
6089|0.495
6091|0.495
6097|0.50005
6102|0.333213
6103|0.93301
6105|0.543241
6107|0.495049
6109|0.47564
6111|0.505
6113|0.49005
6116|0.505
6117|0.471028
6118|0.51485
6121|0.456759
6123|0.5
6124|0.51485
6133|0.495
6139|0.5
6141|0.495
6142|0
6156|0.490149
6157|0.50995
6159|0.51485
6161|0.495
6163|0.480298
6165|0.519702
6167|0.495
6170|0.505
6171|0.495
6172|0.5
6175|0.396807
6177|0.495045
6178|0.505
6183|0
6188|0
6190|0
6194|0
6198|0
6202|0
6204|0
6211|0.456759
6213|0.5
6214|0.5
6219|0.461561
6220|0.5
6222|0.505
6224|1
6226|0.5
6232|0.48515
6241|0.5
6247|0.47074
6249|0.425729
6250|0
6265|0.503802
6267|0.537376
6268|0.614978
6273|0.36249
6274|0.556808
6276|0.607161
6278|0.443192
6280|1
6286|1
6349|0.490087
6355|0.421561
6357|0.49005
6358|0
6403|0.49005
6409|0.48515
6411|0.485199
6412|0
6427|0.385006
6429|0.538626
6430|0.989352
6435|0.503531
6436|0.519702
6438|0.990562
6440|0.5
6442|0.434373
6448|0.417257
6561|0.525333
6563|0.500639
6566|0.500004
6567|0.524067
6568|0.500056
6572|0.5
6576|0.497196
6578|0.48515
6579|0.502022
6580|0.499951
6582|0.500001
6584|0.5
6586|0.48515
6590|0.502722
6594|0.525168
6596|0.501276
6605|0.499949
6606|0.501672
6608|0.502668
6611|0.500689
6612|0.495846
6613|0.476656
6615|0.499761
6616|0.499804
6618|0.500004
6620|0.500091
6622|0.480298
6624|0.4999
6626|0.5
6629|0.50995
6630|0.480298
6631|0.492696
6634|0.495
6636|0.5
6637|0.5
6644|0.505032
6648|0.498004
6650|0.490559
6659|0.459118
6660|0.514419
6662|0.510759
6665|0.5
6666|0.307961
6667|0
6677|0.547809
6689|0.818814
6693|0.720867
6695|1
6696|0.498065
6698|0.491882
6701|0.505
6702|0.485198
6703|0
6707|0.50995
6711|0.49995
6713|0.385457
6714|0.300738
6715|0
6717|0.499656
6719|0.277672
6723|0.512616
6724|0.500055
6726|0.50012
6728|0.499999
6730|0.500537
6732|0.5
6734|0.5
6737|0.500197
6738|0.485347
6739|0.50995
6742|0.499999
6744|0.500049
6745|0.5
6750|0.529359
6752|0.508404
6755|0.500136
6756|0.509983
6757|0.565627
6761|0.499987
6765|0.556808
6767|0.461372
6768|0.400589
6769|0.50995
6771|0.543241
6773|0.501598
6775|0.412609
6778|0.499999
6780|0.5
6781|0.5
6786|0.49005
6787|0.5
6789|0.5
6791|0.49005
6793|0.45252
6799|0.5
6806|0.499951
6810|0.501007
6812|0.495049
6821|0
6822|0.500611
6824|0.50005
6827|0.5
6828|0.505616
6829|0.516954
6839|0.50995
6851|0.52926
6855|0.52926
6857|1
6858|0.5
6860|0.5
6863|0.505
6864|0.495
6865|0.5
6869|0
6873|0
6876|0.500007
6877|0.499901
6879|0.5
6881|0.5
6883|0.48515
6893|0.50995
6905|0.694441
6909|0.519702
6911|1
6941|0.52926
6945|0.49995
6947|0.5
6956|0
6957|0.509817
6959|0.539343
6962|0.618829
6963|0.495
6964|0
6966|0.499911
6968|0.495
6971|0.49995
6972|0.49005
6973|0.505
6977|0
6981|0
6984|0.499984
6985|0.712323
6987|0.51485
6989|0.5
6991|0.556255
6995|0.535336
6999|0.574271
7001|0.472784
7010|0
7011|0.607161
7013|0.597016
7016|0.709417
7017|0.500442
7018|0.641135
7020|0.495
7021|0.49995
7023|0.5
7025|0.5
7027|0.495
7029|0
7034|0
7036|0
7039|0.499999
7041|0.5
7042|0.5
7047|0.506377
7048|0.500001
7050|0.500004
7052|0.5
7054|0.48515
7056|0.5
7058|0.5
7061|0.5
7062|0.489532
7063|0.500003
7066|0.495
7068|0.499999
7069|0.49995
7074|0.523242
7076|0.500065
7079|0.5
7080|0.52329
7081|0.464821
7085|0.5
7089|0.500357
7091|0.499999
7092|0.500969
7093|0.5
7095|0.5
7097|0.5
7099|0.396807
7102|0.495
7104|0.5
7105|0.5
7110|0.499999
7111|0.5
7113|0.5
7115|0.5
7117|0.457236
7123|0.5
7128|0.523214
7130|0.528949
7133|0.499953
7134|0.461372
7135|0
7139|0.5
7143|0.462923
7145|0.385022
7146|0.31996
7147|0
7149|0.499753
7151|0.271421
7157|0.534719
7161|0.525045
7163|0.516643
7172|0.5
7173|0.52923
7175|0.534063
7178|0.5
7179|0.0860888
7180|0
7182|0.48515
7183|0
7185|0.5
7187|0.495
7191|0.499901
7193|0.495
7196|0.5
7197|0.393342
7198|0
7203|0.48515
7204|0
7210|0.50005
7212|0.500208
7213|0.5
7218|0.500013
7219|0.505
7221|0.50995
7223|0.500793
7225|0.500198
7231|0.5
7236|0.500205
7237|0.500048
7239|0.500453
7241|0.5
7243|0.396807
7245|0.500481
7247|0.5
7250|0.5
7251|0.501644
7252|0.543241
7255|0.495
7257|0.499997
7258|0.5
7267|1
7273|1
7275|1
7292|0.499868
7296|0.499327
7298|0.495
7307|0.5
7308|0.499807
7310|0.49005
7313|0.5
7314|0.495199
7315|0.5
7325|0.543241
7337|0.52926
7341|0.50995
7343|1
7344|0.49995
7346|0.495
7349|0.499901
7350|0.48515
7351|0.5
7355|0.5
7359|0.5
7361|0.5
7362|0.495
7363|0.5
7365|0.5
7367|0.495
7369|0.5
7379|0.524505
7391|0.776238
7395|0.519702
7397|1
7427|0.468735
7431|0.5
7433|0.406095
7442|0
7443|0.499607
7445|0.401528
7448|0.5
7449|0.48515
7450|0
7452|0.500113
7454|0.49005
7457|0.49997
7458|0.490149
7459|0.50995
7463|0.5
7467|0.5
7469|0.5
7470|0.49005
7471|0.499901
7473|0.49995
7475|0.495
7477|0.495
7481|0.525851
7485|0.52926
7487|0.216332
7496|0.688237
7497|0.321569
7499|0.181077
7502|0.5
7503|0.23767
7504|0
7506|0.49005
7507|0.519702
7509|0.5
7511|0.49005
7513|0.5
7515|0.51485
7517|0.5
7520|0.578528
7521|0.5
7522|0.505
7525|0.5
7527|0.5
7528|0.5
7541|0.5
7553|0.505
7557|0.519702
7559|1
7589|0.5
7593|0.5
7595|0.5
7604|0
7605|0.500001
7607|0.5001
7610|0.5
7611|0.5
7612|0.5
7676|0.50995
7688|0.618829
7692|0.505
7694|1
7697|0.5
7701|0.505
7703|0.5
7712|0
7713|0.499878
7715|0.495
7718|0.499973
7719|0.495
7720|0.633848
7730|0.50995
7742|0.782884
7746|0.51485
7748|1
7749|0.5
7751|0.5
7754|0.499324
7755|0.5
7756|0.5
7760|0
7764|0
7767|0.495
7768|0.49998
7770|0.5
7772|0.466033
7774|0.466033
7776|0.499951
7778|0.495
7781|0.5
7782|0.49005
7783|0.5
7787|0.5
7791|0.499803
7793|0.495
7794|0.49005
7795|0.5
7797|0.499901
7799|0.495
7801|0.5
7805|0.499934
7809|0.463724
7811|0.396807
7820|0.499901
7821|0.499851
7823|0.480298
7826|0.5
7827|0.396807
7828|0
7830|0.495
7831|0.5
7833|0.5
7835|0.495
7837|0.5
7839|0.5
7841|0.5
7844|0.505
7845|0.495
7846|0.5
7849|0.5
7851|0.495
7852|0.5
7859|0.497551
7863|0.499851
7865|0.461372
7874|0
7875|0.326519
7877|0.25126
7880|0.5
7881|0.25262
7882|0
7892|0.945209
7904|1
7908|0.881204
7910|1
7911|0.499851
7913|0.401107
7916|0.49995
7917|0.48515
7918|0
7922|0
7926|0
7929|0.252427
7930|0
7932|0.499802
7934|0.49005
7938|0.495
7939|0.5
7941|0.50995
7943|0.480298
7945|0.495
7947|0.5
7949|0.5
7952|0.543241
7953|0.495
7954|0.50995
7957|0.495
7959|0.495
7960|0.5
7965|0.49927
7967|0.210493
7970|0.5
7971|0.39697
7972|0
7976|0.5
7980|0.519702
7982|0.17758
7983|0.23908
7984|0
7986|0.499129
7988|0.385022
7993|1
7995|1
8001|1
8006|1
8008|1
8014|1
8019|0.517184
8020|0.50064
8022|0.50009
8024|0.500473
8026|0.495
8028|0.499952
8030|0.5
8033|0.51485
8034|0.47074
8035|0.499901
8038|0.480298
8040|0.499982
8041|0.505
8046|0.542235
8048|0.431455
8051|0.50152
8052|0.079399
8053|0.519417
8057|0.5
8061|0.5
8063|0.277971
8064|0.104155
8065|0.700522
8067|0.665514
8069|0.496565
8071|0.408953
8074|0.48515
8076|0.499999
8077|0.498991
8082|0.495
8083|0.49995
8085|0.505
8087|1
8089|0.456851
8095|0.48515
8100|0.500918
8102|0.501449
8105|0.52926
8106|0.480495
8107|0
8111|0.519702
8115|0.5
8117|0.385376
8118|0.319327
8119|0
8121|0.499368
8123|0.302761
8129|0.499981
8133|0.0335822
8135|0.0177447
8144|0.5
8145|0.0394133
8147|0.0304333
8150|0.420511
8151|0.0218766
8152|0
8154|0.466033
8155|0
8157|0.505
8159|1
8163|0.505
8165|1
8169|0.495
8170|0
8175|0.480298
8176|0
8182|0.50188
8184|0.499999
8185|0.5
8190|0.495
8191|0.488157
8193|0.49995
8195|0.49005
8197|0.44701
8203|1
8208|0.518113
8209|1
8211|1
8213|0.505011
8215|0.609817
8217|0.5
8219|0.0176783
8222|0.5
8223|0.0323083
8224|0.848798
8227|1
8229|1
8239|0.48515
8245|0.43968
8247|0.5
8248|0
8262|0.495363
8264|0.485591
8267|0.505
8268|0.47074
8269|0.5
8273|0
8277|0
8280|0.486626
8281|0.52926
8283|0.505
8285|0.5
8287|0.480298
8291|0.358502
8295|0.482607
8297|0.264753
8306|0
8307|0.681907
8309|0.265026
8312|0.524505
8313|0.401707
8314|0.50995
8316|0.480445
8317|0.5
8319|0.505
8321|1
8323|0.5
8325|0
8332|0
8335|0.495
8337|0.5
8338|0.5
8345|0.52926
8349|0.49995
8351|0.495
8360|0
8361|0.448671
8363|0.377193
8366|0.51485
8367|0.37736
8368|0
8378|0
8390|0
8394|0
8397|0.543241
8399|1
8403|0.495
8404|0
8412|0
8415|0.373295
8416|0
8418|0.5
8420|1
8424|0.48515
8425|0.50995
8427|0.50995
8429|0.49005
8431|0.495
8433|0
8438|0
8440|0
8443|1
8445|1
8451|1
8453|0.243794
8456|0.574271
8457|0.218971
8458|0.723658
8462|0
8466|0
8469|1
8474|1
8476|1
8479|0.495
8481|0.5
8482|0.5
8488|0
8490|0
8500|1
8506|0.49005
8508|0.500003
8509|0.5
8514|0.5
8515|0.5
8517|0.500001
8519|0.5001
8521|0.495
8527|0.495
8532|0.50002
8533|0.501711
8535|0.50033
8537|0.5
8539|0.396807
8541|0.5
8543|0.5
8546|0.5
8547|0.5
8548|0.5
8551|0.47074
8553|0.498922
8554|0.51485
8563|0.480298
8569|0.495
8571|0.5
8572|0
8586|0.456759
8587|0
8589|0.5
8591|0.495
8595|0.499953
8597|0.500049
8600|0.505
8601|0.39412
8602|0
8607|0.480298
8608|0
8613|0.499993
8615|0.499999
8618|0.5
8619|0.0382027
8620|0
8624|0.5
8628|0.5
8630|0.5
8631|0.0110762
8632|0
8634|0.10563
8636|1.95528e-35
8643|0.5
8644|0
8649|0.495
8650|0
8652|0.5
8654|1
8671|0.5
8677|0.443563
8679|0.495
8680|0
8695|0.502396
8697|0.501612
8698|0.561239
8703|0.5
8704|0.5
8706|0.5
8708|0.5
8710|0.5
8716|1
8750|0.5
8754|0.500158
8756|0.495
8765|0.5
8766|0.501222
8768|0.495
8771|0.5
8772|0.48515
8773|0.5
8783|0.505
8795|0.50995
8799|0.50995
8801|1
8802|0.500003
8804|0.5
8807|0.5
8808|0.495
8809|0.5
8813|0.5
8817|0.5
8819|0.5
8820|0.48515
8821|0.5
8823|0.5
8825|0.5
8827|0.5
8837|0.524505
8849|0.681907
8853|0.885885
8855|1
8885|0.547809
8889|0.492077
8891|0.456759
8900|0.50995
8901|0.498986
8903|0.475495
8906|0
8907|0.452667
8908|0
8910|0.500089
8912|0.495
8915|0.510409
8916|0.49005
8917|0.500264
8921|0.5
8925|0.5
8927|0.5
8928|0.49005
8929|0.5
8931|0.51485
8933|0.480298
8935|0.495
8939|0.50008
8943|0.508715
8945|0.461648
8954|0.49389
8955|0.52926
8957|0.48515
8960|0.519702
8961|0.480298
8962|0.5
8964|0.495
8965|0.5
8967|0.5
8969|0.49005
8971|0.495
8973|0.5
8975|0.5
8978|0.5
8979|0.5
8980|0.505
8983|0.5
8985|0.5
8986|0.5
8999|0.505
9011|0.5
9015|0.52926
9017|1
9047|0.5
9051|0.5
9053|0.5
9062|0
9063|0.5
9065|0.5
9068|0.5
9069|0.495
9070|0.49995
9134|0.505
9146|0.618829
9150|0.50995
9152|1
9155|0.499753
9159|0.5
9161|0.49005
9170|0
9171|0.5
9173|0.495
9176|0.519702
9177|0.5007
9178|0.644723
9188|0.712323
9200|0.703517
9204|0.51485
9206|1
9207|0.5
9209|0.49005
9212|0.5
9213|0.5
9214|0.5
9218|0
9222|0
9225|0.5
9226|0.5
9228|0.5
9230|0.5
9232|0.48515
9234|0.499901
9236|0.495
9239|0.49995
9240|0.49005
9241|0.5
9245|0.5
9249|0.49995
9251|0.495
9252|0.495
9253|0.492532
9255|0.5
9257|0.5
9259|0.456804
9263|0.5
9267|0.499979
9269|0.480298
9278|0.5
9279|0.473606
9281|0.425729
9284|0.5
9285|0.430029
9286|0.499901
9288|0.495
9289|0.5
9291|0.5
9293|0.5
9295|0.5
9297|0.5
9299|0.5
9302|0.5
9303|0.5
9304|0.505
9307|0.456759
9309|0.5
9310|0.5
9317|0.49995
9321|0.499884
9323|0.494465
9332|0.5
9333|0.499472
9335|0.483234
9338|0
9339|0.48515
9340|0
9350|0.989772
9362|1
9366|0.893637
9368|1
9369|0.499655
9371|0.48515
9374|0
9375|0.448269
9376|0
9380|0.5
9384|0.499802
9386|0.49005
9387|0.475495
9388|0
9390|0
9396|0.49005
9397|0.5
9399|0.505
9401|0.475495
9403|0.48515
9405|0.5
9407|0.5
9410|0.538628
9411|0.495
9412|0.505
9415|0.456759
9417|0.5
9418|0.5
9423|0.500026
9425|0.49005
9428|0.5
9429|0.443328
9430|0.5
9434|0.5
9438|0.5
9440|0.400815
9441|0.426486
9442|0.50995
9444|0.5
9446|0.495
9448|0.495
9451|1
9453|1
9459|1
9464|1
9466|1
9472|1
9485|0
9497|0
9501|0
9533|0
9537|0
9548|0
9549|0
9554|0
9556|0
9620|0
9632|0
9636|0
9641|0
9645|0
9656|0
9657|0
9662|0
9664|0
9674|0
9686|0
9690|0
9693|0
9698|0
9700|0
9704|0
9708|0
9712|0
9714|0
9782|0
9794|0
9798|0
9890|0
9902|0
9906|0
9938|0
9942|0
9953|0
9954|0
9959|0
9961|0
9965|0
9969|0
9980|0
9981|0
9986|0
9988|0
9998|0
10010|0
10014|0
10017|0
10022|0
10024|0
10028|0
10032|0
10036|0
10038|0
10052|0
10064|0
10068|0
10100|0
10104|0
10115|0
10116|0
10121|0
10123|0
10125|0
10130|0
10132|0
10136|0
10140|0
10144|0
10146|0
10154|0
10158|0
10169|0
10170|0
10175|0
10177|0
10206|0.500105
10208|0.50005
10211|0.50995
10212|0.501379
10213|0.5
10217|0.5
10221|0.49995
10223|0.5
10224|0.503595
10225|0.50995
10227|0.5
10229|0.5
10231|0.5
10235|0.500265
10239|0.505218
10241|0.5
10250|0.5
10251|0.723658
10253|0.5
10256|0.5
10257|0.501604
10258|0.524505
10260|0.500146
10261|0.500005
10263|0.505
10265|1
10267|0.5
10269|0.505
10271|1
10275|0.5
10276|0.499851
10279|0.5
10281|0.5
10282|0.5
10289|0.524505
10293|0.500019
10295|0.501477
10304|0.52926
10305|0.488794
10307|0.444214
10310|0
10311|0.443192
10312|0
10322|0.533967
10334|0.582743
10338|0.603193
10340|1
10341|0.51485
10343|1
10347|0.452619
10348|0
10356|0.505
10358|1
10359|0.438761
10360|0
10362|0
10368|0.503291
10369|0.505
10371|0.51485
10373|0.541438
10375|0.501102
10377|0.499926
10379|0.49005
10382|0.633848
10383|0.495
10384|0.499969
10387|1
10389|1
10395|1
10397|0.501581
10400|0.633848
10401|0.511263
10402|0.742431
10406|0.5
10410|0.5
10412|0.321306
10413|1
10418|1
10420|1
10423|0.500247
10425|0.5
10426|0.50995
10431|0.495
10432|0.51485
10434|0.5
10436|1
10438|0.49005
10444|1
10451|0.5
10455|0.499901
10457|0.495
10466|0
10467|0.524505
10469|0.5
10472|0.5
10473|0.5
10474|0.5
10484|0.519702
10496|0.524505
10500|0.51485
10502|1
10503|0.505
10505|1
10509|0.495
10510|0.5
10518|0
10521|0.5
10522|0.5
10524|0.5
10526|1
10528|0.495
10538|0.524505
10550|0.519702
10554|0.505
10556|1
10590|0.505
10592|1
10602|0.519702
10604|1
10608|0.5
10609|0
10611|0.505
10613|0.495
10616|0.62264
10617|0.5
10618|0.5
10622|0
10626|0
10629|1
10634|1
10636|1
10640|0.547809
10644|0.574271
10646|0.480298
10655|0
10658|1
10662|1
10665|0.5
10666|0.505
10668|0.5
10670|1
10672|0.5
10674|0
10681|0
10684|1
10686|1
10692|0.499999
10693|0.49995
10695|0.49995
10697|0.495
10699|0.5
10701|0.5
10703|0.5
10706|0.505
10707|0.5
10708|0.5
10711|0.456759
10713|0.5
10714|0.5
10719|0.500121
10721|0.5
10724|0.499951
10725|0.5
10726|0.5
10730|0.5
10734|0.5
10736|0.5
10737|0.427598
10738|0.524505
10740|0.519702
10742|0.495
10744|0.495
10747|0.495
10749|0.495
10750|0.5
10755|0.5
10756|0.5
10758|0.5
10760|1
10762|0.49005
10768|0.5
10773|0.5
10775|0.5
10778|0
10779|0.495
10780|0
10784|0.505
10788|0.5
10790|0.5
10791|0.443192
10792|0
10794|0
10802|0.5
10806|0.5
10808|0.5
10817|0.5
10818|0.161111
10820|0.014835
10823|0
10824|0.0439225
10825|0
10827|0.49005
10828|0
10830|0
10836|0.5
10838|1
10842|0.495
10843|0
10849|0
10855|0.5
10857|0.5
10858|0.5
10863|0.500088
10864|0.505
10866|0.505
10868|0.5
10870|0.5
10876|1
10881|0.500642
10882|0.552331
10884|0.547809
10886|0.5
10888|0.5
10890|0.5
10892|0.5
10895|0.5
10896|0.5
10897|0.5
10900|1
10902|1
10912|1
10918|1
10920|1
10935|0.500331
10936|0.5
10938|0.5
10940|0.5
10942|0.490099
10944|0.49995
10946|0.5
10949|0.5
10950|0.48515
10951|0.50995
10954|0.499999
10956|0.499999
10957|0.5
10962|0.501109
10964|0.5
10967|0.5
10968|0.487144
10969|0.50995
10973|0.5
10977|0.50995
10979|0.48515
10980|0.498783
10981|0.499901
10983|0.5
10985|0.5
10987|0.409206
10990|0.495
10992|0.5
10993|0.5
10998|0.495
10999|0.5
11001|0.5
11003|0.5
11005|0.457141
11011|0.5
11016|0.49997
11018|0.500042
11021|0.500439
11022|0.49005
11023|0
11027|0.5
11031|0.5
11033|0.382473
11034|0.351762
11035|0
11037|0.5
11039|0.5
11045|0.499999
11049|0.44855
11051|0.335901
11060|0.490853
11061|0.438895
11063|0.309729
11066|0.5
11067|0.315279
11068|0
11070|0.48515
11071|0
11073|0.5
11075|0.5001
11079|0.5
11081|0.5
11084|0.505
11085|0.5
11086|0
11091|0.297716
11092|0
11098|0.50005
11100|0.5
11101|0.5
11106|0.495
11107|0.5
11109|0.49995
11111|0.495
11113|1
11119|0.5
11124|0.502339
11125|0.519702
11127|0.50255
11129|0.5
11131|1
11133|0.538628
11135|0.480495
11138|0.5
11139|1
11143|0.495
11145|0.504013
11146|0.565627
11155|0.5
11161|0.5
11163|0.5
11164|0
11178|0.499762
11180|0.495
11183|0.5
11184|0.485298
11185|0.5
11189|0
11193|0
11196|0.499995
11197|0.5
11199|0.5
11201|0.5
11203|0.480298
11207|0.5
11211|0.505
11213|0.5
11222|0
11223|0.500002
11225|0.5
11228|0.5
11229|0.5
11230|0.50995
11232|0.495
11233|0.5
11235|0.5
11237|0.5
11239|0.5
11241|0
11246|0
11248|0
11251|0.49005
11253|0.5
11254|0.5
11261|0.5
11265|0.5
11267|0.5
11276|0
11277|0.499656
11279|0.49005
11282|0.5
11283|0.495
11284|0
11294|0
11306|0
11310|0
11313|0.5
11315|0.5
11318|0.505
11319|0.5
11320|0
11324|0
11328|0
11331|0.48515
11332|0
11334|0.5
11336|0.5
11340|0.495
11341|0.505
11343|0.5
11345|0.5
11347|1
11349|0
11354|0
11359|0.50005
11361|0.5
11362|0.505
11367|0.533967
11369|0.475495
11372|0.5
11373|1
11378|0
11385|0.500198
11386|0.50995
11388|0.556808
11390|0.5
11392|1
11395|0.5
11397|0.5
11398|0.5
11404|0
11406|0
11416|0.5
11422|0.5
11424|0.5
11425|0.5
11430|0.5
11431|0.5
11433|0.5
11435|0.5
11437|0.5
11443|0.5
11448|0.5
11449|0.5
11451|0.5
11453|0.5
11455|0.394027
11457|0.5
11459|0.5
11462|0.5
11463|0.50005
11464|0.50995
11467|0.495
11469|0.5
11470|0.5
11479|0.5
11485|0.5
11487|0.5
11488|0
11502|0.45752
11503|0
11505|0.499952
11507|0.5
11511|0.49995
11513|0.495
11516|0.5
11517|0.392994
11518|0
11523|0.307417
11524|0
11529|0.499997
11531|0.499989
11534|0.5
11535|0.109149
11536|0
11540|0.5
11544|0.49486
11546|0.0138272
11547|0.040132
11548|0
11550|0.5
11552|0.5
11559|0.495
11560|0
11565|0.495
11566|0
11568|0.5
11570|0.5
11587|0.5
11593|0.5
11595|0.495
11596|0
11611|0.5
11613|0.499998
11614|0.499851
11619|0.5
11620|0.5
11622|0.5
11624|0.5
11626|1
11632|0.49005
11664|0.5
11666|0.499909
11669|0.5
11670|0.496257
11671|0.5
11675|0.49844
11679|0.50995
11681|0.480298
11682|0.499995
11683|0.5
11685|0.5
11687|0.5
11689|0.5
11693|0.501641
11697|0.519702
11699|0.5
11708|0.5
11709|0.499999
11711|0.500153
11714|0.5
11715|0.495
11716|0
11718|0.499999
11719|0.5
11721|0.5
11723|0.499997
11725|0.5
11727|0.499901
11729|0.480298
11732|0.499802
11733|0.495
11734|0.505
11737|0.5
11739|0.5
11740|0.5
11747|0.499959
11751|0.481807
11753|0.426131
11762|0
11763|0.499957
11765|0.500612
11768|0.5
11769|0.430865
11770|0
11780|0.586916
11792|0.561239
11796|0.51485
11798|1
11799|0.5
11801|0.405547
11804|0.5
11805|0.430029
11806|0
11810|0
11814|0
11817|0.48515
11818|0
11820|0.5
11822|0.5
11826|0.500537
11827|0.519702
11829|0.500067
11831|0.5
11833|1
11835|0.505
11837|0.480298
11840|0.5
11841|1
11845|0.5
11847|0.5
11848|0.5
11853|0.533967
11855|0.52188
11858|0.5
11859|1
11864|0.841005
11870|1
11871|0.239168
11872|0
11874|0.5
11876|0.5
11881|0.5
11883|0.500497
11884|0.50995
11889|0.495049
11890|0.505
11892|0.51485
11894|0.48515
11896|1
11902|0.5
11909|0.5
11913|0.50995
11915|0.5
11924|0
11925|0.5
11927|0.5
11930|0.5
11931|0.5
11932|0.5
11942|0.5
11954|0.5
11958|0.5
11960|1
11961|0.5
11963|0.5
11966|0.5
11967|0.5
11968|0.5
11972|0
11976|0
11979|0.5
11980|0.5
11982|0.5
11984|0.5
11986|0.495
11996|0.505
12008|0.5
12012|0.505
12014|1
12044|0.499951
12048|0.5
12050|0.49005
12059|0
12060|0.5
12062|0.5
12065|0.5
12066|0.5
12067|0
12069|0.50995
12071|0.495
12074|0.5
12075|1
12080|0
12087|0.500278
12088|0.50995
12090|0.5
12092|0.5
12094|1
12098|0.831123
12104|1
12114|0.52926
12116|0.5
12119|0.5
12120|1
12123|0.5
12124|0.519702
12126|0.499966
12128|0.466033
12130|1
12132|0
12137|0
12142|0.5
12144|0.5
12145|0.5
12150|0.499999
12151|0.5
12153|0.5
12155|0.5
12157|0.5
12159|0.49995
12161|0.48515
12164|0.5
12165|0.495
12166|0.5
12169|0.5
12171|0.5
12172|0.5
12177|0.499951
12179|0.499986
12182|0.5
12183|0.397545
12184|0
12188|0.49995
12192|0.50995
12194|0.49005
12195|0.48515
12196|0
12198|0.5
12200|0.5
12205|0.5
12207|0.5
12208|0.5
12213|0.495
12214|0.5
12216|0.5
12218|0.49005
12220|0.5
12226|0.5
12231|0.49995
12233|0.466033
12236|0.5
12237|0.426098
12238|0
12242|0
12246|0
12249|0.253085
12250|0
12252|0.5
12254|0.5
12260|0.499982
12264|0.483836
12266|0.344725
12275|0
12276|0.5
12278|0.5
12281|0.5
12282|0.331141
12283|0
12285|0.495
12286|0
12288|0.5
12290|0.5
12294|0
12299|0
12301|0
12306|0.49005
12307|0
12313|0.5
12315|0.50005
12316|0.5
12321|0.5
12322|0.5
12324|0.505
12326|0.5
12328|1
12334|0.5
12339|0.475495
12340|0
12342|0.5
12344|0.5
12348|0.5
12350|0.5
12353|0.5
12354|1
12360|0.443192
12361|0
12370|1
12376|1
12378|1
12394|0.495
12396|0.5
12397|0.5
12402|0.499999
12403|0.5
12405|0.5
12407|0.5
12409|0.495
12415|0.5
12420|0.0815266
12421|0.993436
12423|0.499975
12425|0.499974
12427|0.36317
12429|0.0516788
12431|0.0420462
12434|0.5
12435|0.0419311
12436|0.565627
12439|0.348349
12441|0.497892
12442|0.51485
12451|0.48515
12457|0.5
12459|0.5
12460|0
12474|0.485178
12475|0
12477|0.500768
12479|0.501026
12483|0.464561
12485|0.394372
12488|0.52926
12489|0.396807
12490|0
12495|0.253096
12496|0
12501|0.466211
12503|0.366152
12506|0.499999
12507|0.0216332
12508|0
12512|0.5
12516|0.48395
12518|0.366152
12519|0.0246769
12520|0
12522|0.443449
12524|0.0230855
12531|0.475495
12532|0
12537|0.397561
12538|0
12540|0.50995
12542|1
12559|0.5
12565|0.443192
12567|0.5
12568|0
12583|0.996572
12585|0.408804
12586|0.980735
12591|0.0881135
12592|0.999809
12594|0.140814
12596|0.00457726
12598|1
12604|1
12636|0.48515
12637|0.498808
12639|0.499901
12641|0.495
12643|0.48515
12645|0
12650|0
12652|0
12655|0.48515
12657|0.499997
12658|0.5
12663|0.477338
12665|0.266717
12668|0.498283
12669|0.399248
12670|0.51485
12674|0
12678|0
12681|0.405314
12682|0.505
12684|0.519702
12686|0.461372
12688|0.495
12691|0.480298
12693|0.495
12694|0.5
12700|0
12702|0
12712|0.5
12717|0.49995
12719|0.495
12722|0.538628
12723|0.5
12724|0
12728|0
12732|0
12735|0.37736
12736|0
12738|0.49951
12740|0.443192
12746|0
12750|0
12761|0
12762|0
12767|0
12769|0
12771|0.5
12772|0
12774|0.5
12776|1
12780|0
12787|0
12792|0.480298
12793|0
12799|0.48515
12801|0.5
12802|0.5
12808|0
12810|0
12820|1
12825|0.265887
12826|0.955634
12828|0.614978
12830|0.452191
12832|1
12834|0
12839|0
12844|1
12846|1
12856|0.5
12865|0
12883|0.5
12889|0.5
12891|0.5
12892|0
12907|0.350519
12909|0.499932
12910|0.497094
12915|0.0421697
12916|0.00492882
12918|0.5
12920|0.5
12922|0.000538149
12928|0.447669
12963|0.490149
12964|0
12969|0.396807
12970|0
12972|0.5
12974|0.5
12987|0.365142
12988|0
12990|0.5
12992|0.5
12996|0.5
12998|0.5
13001|0.5
13002|0.341277
13003|0
13008|0.00027722
13009|0
13026|0.5
13027|0
13072|0.37736
13078|1.57322e-10
13080|7.54171e-19
13081|0
13123|0.501936
13125|0.49943
13126|0.5
13131|0.531821
13132|0.499441
13134|0.496312
13136|0.486097
13138|0.49673
13144|0.5
13149|0.13456
13150|0.50026
13152|0.500608
13154|0.50012
13156|0.452282
13158|0.521166
13160|0.499945
13163|0.50995
13164|0.499936
13165|0.5
13168|0.426854
13170|0.499996
13171|0.50995
13180|0.5
13186|0.495
13188|0.485198
13189|0
13203|0.532003
13204|0.511941
13206|0.500061
13208|0.49005
13210|0.496496
13212|0.539804
13214|0.172709
13217|0.451264
13218|0.155616
13219|0.5
13222|0.513568
13224|0.329683
13225|0.67217
13230|0.506923
13232|0.260499
13235|0.499468
13236|0.0395506
13237|0.474007
13241|0.497475
13245|0.495078
13247|0.452235
13248|0.0562566
13249|0.836139
13251|0.709417
13253|0.354129
13255|0.321751
13258|0.495358
13260|0.480298
13261|0.49995
13266|0.160026
13267|0.475684
13269|0.499656
13271|0.37736
13273|0.400815
13279|0.48515
13288|0.495
13294|0.495
13296|0.47074
13297|0
13312|0.452668
13314|0.500089
13315|0.499705
13320|0.500049
13321|0.499901
13323|0.505
13325|1
13327|0.495
13333|0.49005
13365|0.499916
13366|0.500005
13368|0.5
13370|0.5
13372|0.499999
13374|0.501629
13376|0.491435
13379|0.533967
13380|0.499916
13381|0.500012
13384|0.499975
13386|0.499997
13387|0.500001
13392|0.500175
13394|0.475495
13397|0.505
13398|0.46608
13399|0.5
13403|0.50995
13407|0.500128
13409|0.48515
13410|0.47074
13411|0.499802
13413|0.499921
13415|0.495
13417|0.447669
13420|0.5
13422|0.5
13423|0.5
13428|0.500016
13429|0.49996
13431|0.500213
13433|0.503524
13435|0.5
13441|0.5
13446|0.499881
13448|0.48515
13451|0.5
13452|0.480298
13453|0.49995
13457|0.464219
13461|0.497563
13463|0.392839
13464|0.317907
13465|0.5
13467|0.49995
13469|0.495
13471|0.297441
13475|0
13479|0
13490|0
13491|0
13496|0
13498|0
13500|0.49994
13501|0.500013
13503|0.499906
13505|0.495
13507|0.5
13509|0.500456
13511|0.393253
13514|0.52926
13515|0.466033
13516|0.5
13519|0.5
13521|0.47074
13522|0.5
13528|0.5
13530|0.5
13531|0.5
13536|0.514887
13537|0.506293
13539|0.599185
13541|1
13543|0.506673
13549|0.5
13554|0.501357
13555|0.506324
13557|0.51485
13559|1
13561|0.5
13563|0.586916
13565|1
13569|0.503987
13570|0.62264
13573|0.48515
13575|0.500585
13576|0.51485
13585|0.5
13591|0.413475
13593|0.48515
13594|0
13612|0.49005
13618|0.48515
13620|0.480298
13621|0
13636|0.475495
13638|0.499999
13639|0.5
13644|0.500349
13645|0.5
13647|0.49995
13649|0.499995
13651|0.5
13657|1
13690|0.136798
13692|0.475495
13693|0.595136
13698|0.177137
13699|0.077512
13701|0.499954
13703|0.373817
13705|0.0633735
13711|1
13716|0.522952
13717|0.668859
13719|0.556808
13721|0.485198
13723|0.0616913
13725|0.51971
13727|0.431359
13730|0.499558
13731|0.385022
13732|0.5
13735|1
13737|1
13747|0.495
13753|0.0633017
13755|0.49005
13756|0
13801|0.495
13807|0.495
13809|0.495
13810|0
13851|0.344087
13852|0.499959
13854|0.500001
13856|0.499999
13858|0.495
13860|0.499511
13862|0.49005
13865|0.51485
13866|0.495
13867|0.481986
13870|0.500835
13872|0.5
13873|0.5
13878|0.0956866
13880|0.0859251
13883|0.607161
13884|0.085785
13885|0
13889|0.626414
13893|0.499901
13895|0.480298
13896|0.0868058
13897|0
13899|0.50995
13901|0.50049
13906|0.5
13908|0.499999
13909|0.5
13914|0.495
13915|0.5
13917|0.49995
13919|0.49005
13921|0.425729
13927|0.5
13932|0.500203
13934|0.495
13937|0.49995
13938|0.466033
13939|0.5
13943|0
13947|0
13950|0.504598
13951|0.685088
13953|0.5
13955|0.301612
13957|0.32783
13961|0.0485492
13965|0.496201
13967|0.0368293
13976|0
13977|0.709417
13979|0.0360357
13982|0.611089
13983|0.443192
13984|0
13986|0.485149
13987|0.499951
13989|0.49995
13991|0.5
13993|0.495
13995|0
14000|0
14002|0
14005|0.5
14007|0.495
14008|0.5
14014|0.49005
14016|0.500147
14017|0.49995
14022|0.497221
14023|0.48306
14025|0.50995
14027|1
14029|0.42281
14035|0.5
14040|0.0619319
14041|0
14043|0.52926
14045|1
14049|0.533967
14051|1
14055|0.49005
14056|0
14061|0.480298
14062|0
14071|0.5
14077|0.430029
14079|0.495
14080|0
14094|0.5
14096|0.5
14099|0.5
14100|0.5
14101|0.5
14105|0.50995
14109|0.5
14111|0.5
14112|0.499998
14113|0.49993
14115|0.5
14117|0.499993
14119|0.48515
14123|0.662135
14127|0.5
14129|0.5
14138|0.5
14139|0.499034
14141|0.466033
14144|0.519702
14145|0.480298
14146|0
14148|0.5
14149|0.5
14151|0.5
14153|0.5
14155|0.5
14157|0.500001
14159|0.5
14162|0.533967
14163|0.5
14164|0.5
14167|0.5
14169|0.5
14170|0.5
14177|0.5
14181|0.5
14183|0.5
14192|0
14193|0.499912
14195|0.49005
14198|0.498986
14199|0.480298
14200|0.5
14210|0
14222|0
14226|0
14229|0.49995
14231|0.495049
14234|0.499901
14235|0.480396
14236|0.5
14240|0
14244|0
14247|0.499981
14248|0.5
14250|0.499961
14252|0.452191
14254|0.5
14256|0.500044
14257|0.5
14259|0.505
14261|1
14263|0.495
14265|0.586916
14267|1
14271|0.50005
14272|0.641135
14275|0.303949
14277|0.5
14278|0.5
14283|0.524505
14285|1
14289|0.495
14290|0
14298|0.538628
14300|1
14301|0.480298
14302|0
14304|0.51485
14306|1
14311|0.5
14313|0.5
14314|0.5
14319|0.500258
14320|0.5
14322|0.51485
14324|1
14326|0.5
14332|0.5
14338|0.495
14340|0.5
14341|0.5
14346|0.495
14347|0.5
14349|0.5
14351|0.5
14353|0.425729
14359|1
14364|0.0797434
14365|0
14367|0.519702
14369|0.500296
14373|0.499463
14375|0.305779
14378|0.519702
14379|0.48515
14380|0
14385|1
14395|0.5
14401|0.5
14403|0.495
14404|0
14418|0.408953
14419|0.552331
14421|0.5
14423|0.495
14425|0.495
14427|0
14432|0
14434|0
14437|1
14439|1
14445|0.574271
14447|0.0369007
14450|0.561239
14451|0.289685
14452|0
14456|0
14460|0
14463|1
14468|1
14473|0.49005
14475|0.495
14476|0.5
14482|0
14484|0
14494|1
14503|0.495
14509|0.425729
14511|0.5
14512|0
14529|0.5
14530|0
14535|0.48515
14536|0
14538|0.5
14540|1
14584|0.480346
14590|0.495
14592|0.485149
14593|0
14608|0.501942
14610|0.515489
14611|0.533967
14616|0.536716
14617|0.658723
14619|0.681907
14621|0.500149
14623|0.500049
14629|0.5
14662|0.529955
14664|0.472685
14665|0.79144
14670|0.538039
14671|0.939416
14673|0.827694
14675|0.375805
14677|0.5
14683|0.365458
14688|0.063824
14689|0.807552
14691|0.538628
14693|0.480298
14695|0.277983
14697|0.910342
14699|0.452191
14702|0.505
14703|0.434373
14704|0.50995
14707|0.209217
14709|0.259164
14710|0.543241
14719|0.48515
14725|0.401527
14727|0.48515
14728|0
14773|0.49005
14779|0.443192
14781|0.137064
14782|0
14824|0.500322
14826|0.500049
14827|0.51485
14832|0.500146
14833|0.50995
14835|0.505
14837|0.5
14839|0.501306
14845|0.5001
14850|0.311763
14851|0.519702
14853|0.52926
14855|0.495
14857|0.5
14859|0.651793
14861|0.47569
14864|0.50995
14865|0.47074
14866|0.51485
14869|0.49005
14871|0.495
14872|0.505
14881|0.5
14887|0.49005
14889|0.495
14890|0
14904|0.482313
14905|0.79144
14907|0.505
14909|0.5
14911|0.480298
14913|0.85907
14915|0.382544
14918|0.50995
14919|0.461372
14920|0.533967
14923|0.268112
14925|0.495
14926|0.505
14931|0
14936|0
14938|0
14942|0
14946|0
14950|0
14952|0
14959|0.501652
14961|0.495
14962|0.538628
14967|0.507052
14968|0.552331
14970|0.556808
14972|1
14974|0.5
14980|0.0421918
14989|0.5
14995|0.416464
14997|0.430029
14998|0
15013|0.535092
15015|0.503975
15016|0.618829
15021|0.992451
15022|0.994347
15024|0.981679
15026|1
15028|0.5
15034|1
15097|0.5
15103|0.485248
15105|0.48515
15106|0
15151|0.48515
15157|0.0766442
15159|0.470926
15160|0
15175|0.760084
15177|0.0551504
15178|0.834483
15183|0.51824
15184|0.865977
15186|0.700522
15188|0.456759
15190|0.5
15196|1
15309|0.500327
15310|0.500013
15312|0.500001
15314|0.49005
15316|0.5
15318|0.500193
15320|0.5
15323|0.524505
15324|0.499999
15325|0.5
15328|0.501336
15330|0.495
15331|0.50995
15336|0.50282
15338|0.499992
15341|0.5
15342|0.499999
15343|0.499951
15347|0.5
15351|0.5
15353|0.499976
15354|0.502362
15355|0.505
15357|0.50995
15359|0.5
15361|0.475619
15364|0.499999
15366|0.5
15367|0.5
15372|0.499999
15373|0.5
15375|0.5
15377|0.5
15379|0.5
15385|0.5
15390|0.500054
15392|0.48515
15395|0
15396|0.500896
15397|0.50618
15401|0.499803
15405|0.49995
15407|0.48515
15408|0.117401
15409|0.709417
15411|0
15415|0.537642
15419|0.499607
15423|0.500031
15425|0.48515
15434|0.496903
15435|0.709417
15437|0.48515
15440|0
15441|0.462511
15442|0.955634
15444|0.0731972
15445|0.499953
15447|0
15451|0.5
15453|0.499368
15455|0.480298
15458|0
15459|0.48515
15460|0.5
15463|0.49005
15466|0
15472|0.5
15474|0.500048
15475|0.499951
15480|0.50052
15481|0.499915
15483|0.519702
15485|1
15487|0.499994
15493|0.50005
15498|0.500133
15499|0.499943
15501|0.505
15503|1
15505|0.495
15507|0.50995
15509|1
15513|0.5025
15514|0.499994
15517|0.5
15519|0.5
15520|0.505
15529|0.5
15535|0.495
15537|0.5
15538|0
15552|0.5
15554|0.5
15557|0.5
15558|0.5
15559|0.5
15563|0.51485
15567|0.5
15569|0.5
15570|0.499996
15571|0.500012
15573|0.5
15575|0.5
15577|0.5
15581|0.5
15585|0.5
15587|0.5
15596|0.505
15597|0.501121
15599|0.495
15602|0.5
15603|0.495
15604|0.5
15606|0.5
15607|0.5
15609|0.5
15611|0.5
15613|0.5
15615|0.500001
15617|0.5001
15620|0.52926
15621|0.5
15622|0.5
15625|0.5
15627|0.5
15628|0.5
15635|0.5
15639|0.5
15641|0.5
15650|0.5
15651|0.49857
15653|0.475543
15656|0
15657|0.47074
15658|0.5
15668|0
15680|0
15684|0
15687|0.499934
15689|0.490247
15692|0
15693|0.499995
15694|0.5
15698|0.51485
15702|0.499961
15704|0.495
15705|0.466126
15706|0.5
15708|0
15712|0.5
15714|0.5
15715|0.5
15717|0.505
15719|1
15721|0.5
15723|0.599185
15725|1
15729|0.5
15730|0.5
15733|0.500083
15735|0.50005
15736|0.505
15741|0.505
15743|1
15747|0.500047
15748|0.499951
15756|0.543241
15758|1
15759|0.509553
15760|0.556808
15762|0.547809
15764|1
15766|0.495
15769|0.5
15771|0.5
15772|0.5
15777|0.500048
15778|0.5
15780|0.505
15782|1
15784|0.5
15790|0.5
15796|0.5
15798|0.5
15799|0.5
15804|0.5
15805|0.5
15807|0.5
15809|0.5
15811|0.499999
15817|1
15822|0.5
15823|0.5
15825|0.5
15827|0.5
15829|0.495
15831|0.500001
15833|0.5
15836|0.5
15837|0.5
15838|0.5
15841|1
15843|1
15853|0.5
15859|0.5
15861|0.5
15862|0
15876|0.47074
15877|0.603193
15879|0
15883|0.499997
15885|0.499559
15887|0.480327
15890|0
15891|0.466658
15892|0.499956
15895|1
15903|0.586916
15905|0.172669
15908|0
15909|0.500512
15910|0.773978
15914|0.488081
15918|0.499969
15920|0.0537011
15921|1
15928|1
15931|0.480298
15934|0
15939|0.480298
15940|0.49723
15942|0
15946|0.456759
15961|0.495
15967|0.495
15969|0.5
15970|0
15985|0.49005
15987|0.5
15988|0.5
15993|0.500034
15994|0.498959
15996|0.505
15998|1
16000|0.443192
16006|1
16038|0.500014
16040|0.499998
16043|0.5
16044|0.500028
16045|0.5
16049|0.5
16053|0.5
16055|0.5
16056|0.50024
16057|0.51485
16059|0.505
16061|0.5
16063|0.5
16067|0.618829
16071|0.500004
16073|0.500345
16082|0.51485
16083|0.524505
16085|0.500197
16088|0.5
16089|0.495
16090|0
16092|0.499999
16093|0.5
16095|0.5
16097|0.5
16099|0.5
16101|0.5
16103|0.5
16106|0.5
16107|0.5
16108|0.5
16111|0.5
16113|0.5
16114|0.5
16121|0.499851
16125|0.502133
16127|0.49005
16136|0
16137|0.51485
16139|0.48515
16142|0
16143|0.516744
16144|0.957808
16154|0.574271
16166|0.618829
16170|0.586916
16172|1
16173|0.499177
16175|0.456759
16178|0
16179|0.0414982
16180|0.5
16184|0
16188|0
16191|0.363964
16192|0.50995
16194|0
16198|0.5
16200|0.500792
16201|0.500069
16203|0.51485
16205|1
16207|0.495
16209|0.52926
16211|1
16215|0.5
16216|0.5
16219|0.5
16221|0.514435
16222|0.574271
16227|0.565627
16229|1
16233|0.48515
16234|0
16242|0.561239
16244|1
16245|0.48515
16246|0
16248|0.552331
16250|1
16255|0.500362
16257|0.5
16258|0.51485
16263|0.5
16264|0.5
16266|0.5
16268|1
16270|0.5
16276|0.5
16283|0.5
16287|0.5
16289|0.5
16298|0.5
16299|0.500129
16301|0.5
16304|0.5
16305|0.500048
16306|0.5
16316|0.505
16328|0.50995
16332|0.505
16334|1
16335|0.5
16337|0.5
16340|0.5
16341|0.499999
16342|0.5
16346|0.505
16350|0.49995
16352|0.495
16353|0.499999
16354|0.5
16356|0.499951
16358|0.495
16360|0.5
16370|0.5
16382|0.505
16386|0.591047
16388|1
16418|0.49995
16422|0.5
16424|0.475495
16433|0
16434|0.499964
16436|0.48515
16439|0
16440|0.5
16441|0.5
16443|0.50995
16445|1
16449|0.5
16450|0.5
16458|0.505
16460|1
16461|0.500435
16462|0.49997
16464|0.569971
16466|1
16468|0.452191
16476|0.5
16478|1
16488|0.552331
16490|1
16494|0.5
16495|0
16497|0.5
16498|0.5
16500|0.5
16502|1
16504|0.5
16506|0.505
16508|1
16512|0.5
16513|0.5
16516|0.5
16518|0.5
16519|0.5
16524|0.500423
16525|0.50995
16527|0.505
16529|0.5
16531|0.5
16533|0.500466
16535|0.48515
16538|0.5
16539|0.49005
16540|0.5
16543|1
16545|1
16551|0.51485
16553|0.515634
16556|0.569971
16557|0.495
16558|0
16562|0.582743
16566|0.5
16568|0.480298
16569|1
16574|1
16579|0.5
16581|0.5
16582|0.5
16587|0.495
16588|0.5
16590|0.5
16592|0.5
16594|0.5
16600|1
16605|0.505
16607|0.495
16610|0
16611|0.480298
16612|0.5
16616|0
16620|0
16623|1
16630|1
16634|0.586916
16638|0.52926
16640|0.456759
16649|0
16652|1
16656|1
16659|0.461372
16660|0.5
16662|0
16666|0.47074
16668|0
16673|0
16675|0
16678|1
16687|0.495
16689|0.5
16690|0.5
16695|0.506013
16696|0.543241
16698|0.543241
16700|1
16702|0.5
16708|1
16713|0.480298
16714|0
16716|0.5
16718|1
16722|0.543241
16724|1
16728|0.456759
16729|0
16734|1
16744|1
16750|1
16752|1
16768|0.499999
16770|0.495
16771|0.499901
16776|0.5
16777|0.5
16779|0.49995
16781|0.5
16783|0.5
16789|0.495
16794|0.510915
16795|0.50071
16797|0.537309
16799|0.485298
16801|0.5
16803|0.527189
16805|0.492151
16808|0.50995
16809|0.5
16810|0.5
16813|0.50005
16815|0.47579
16816|0.505
16825|0.5
16831|0.5
16833|0.5
16834|0
16848|0.475495
16849|0.5
16851|0
16855|0.5
16857|0.5
16859|0.113559
16862|0
16863|0.5
16864|0.5
16867|0.178329
16870|0
16875|0.498695
16877|0.396807
16880|0
16881|0.457043
16882|0.5
16886|0.446027
16890|0.5
16892|0.0235542
16893|0.32783
16894|0.51485
16896|0
16900|0.212795
16903|0.241778
16906|0
16911|0.130061
16912|0.5
16914|0
16918|0.5
16933|0.495
16939|0.485248
16941|0.495
16942|0
16957|0.501625
16959|0.606177
16960|0.720867
16965|0.522125
16966|0.5
16968|0.85031
16970|1
16972|0.5
16978|1
17010|0.499999
17011|0.500003
17013|0.499901
17015|0.495
17017|0.5
17019|0.5
17021|0.5
17024|0.5
17025|0.5
17026|0.5
17029|0.499857
17031|0.5
17032|0.505
17037|0.500053
17039|0.5
17042|0.505
17043|0.495
17044|0.5
17048|0.505
17052|0.5
17054|0.49005
17055|0.495
17056|0.5
17058|0.505
17060|0.5
17062|0.5
17065|0.5
17067|0.495
17068|0.49995
17073|0.50005
17074|0.5
17076|0.505
17078|1
17080|0.5
17086|0.495
17091|0.49995
17093|0.495
17096|0
17097|0.5
17098|0.5
17102|0.524505
17106|0.5
17108|0.438761
17109|0.475495
17110|0.493028
17112|0
17116|0.00240579
17120|0
17124|0
17135|0
17136|0
17141|0
17143|0
17145|0.475495
17146|0.5
17148|0
17152|0.5
17154|0.565627
17156|1
17160|0.5
17161|0.5
17164|0.37736
17167|0
17173|0.500047
17175|0.5
17176|0.505
17181|0.5
17182|0.5
17184|0.5
17186|1
17188|0.5
17194|1
17199|0.502955
17200|0.618829
17202|0.718047
17204|1
17206|0.5
17208|0.998423
17210|1
17214|0.5
17215|0.5
17218|1
17220|1
17230|0.5
17236|0.48515
17238|0.5
17239|0
17257|0.5
17263|0.5
17265|0.5
17266|0
17281|0.5
17283|0.49005
17284|0.5
17289|0.496426
17290|0.5
17292|0.47514
17294|0.373586
17296|0.5
17302|1
17335|0.215225
17338|0
17343|0.122921
17344|0.5
17346|0
17350|0.5
17361|0.441666
17362|0.85031
17364|0
17368|0.5
17370|0.5
17372|0.14969
17375|0
17376|0.5
17377|0.5
17380|1
17398|0.461372
17401|0
17446|0.49005
17452|0.0905635
17454|0.36985
17455|0
17500|0.495
17506|0.495
17508|0.475495
17509|0
17524|0.49005
17526|0.499996
17527|0.5
17532|0.50003
17533|0.505
17535|0.505
17537|0.50005
17539|0.5
17545|0.5
17578|0.496997
17580|0.500927
17581|0.52926
17586|0.153495
17587|0.519702
17589|0.524505
17591|0.37736
17593|0.495
17599|0.523783
17604|0.0555096
17605|0.543241
17607|0.52926
17609|0.49005
17611|0.355277
17613|0.543241
17615|0.466033
17618|0.5
17619|0.456759
17620|0.5
17623|0.324641
17625|0.477175
17626|0.595136
17635|0.495
17641|0.400815
17643|0.495
17644|0
17689|0.495
17695|0.5
17697|0.50005
17698|0
17740|0.5
17742|0.5
17743|0.5
17748|0.500195
17749|0.5
17751|0.505
17753|0.5
17755|0.5
17761|0.5
17766|0.5
17767|0.5
17769|0.5
17771|0.5
17773|0.5
17775|0.505
17777|0.49005
17780|0.505
17781|0.5
17782|0.5
17785|0.495
17787|0.5
17788|0.5
17797|0.5
17803|0.5
17805|0.495
17806|0
17820|0.47074
17821|0.50995
17823|0.50995
17825|0.5
17827|0.5
17829|0.51485
17831|0.392839
17834|0.5
17835|0.47074
17836|0.5
17839|0.254993
17841|0.5
17842|0.595136
17847|0
17852|0
17854|0
17858|0
17862|0
17866|0
17868|0
17875|0.5
17877|0.500098
17878|0.505
17883|0.456946
17884|0.5
17886|0.505
17888|0.5
17890|0.5
17896|0.5
17905|0.5
17911|0.422406
17913|0.5
17914|0
17929|0.495
17931|0.50005
17932|0.505
17937|0.5
17938|0.505
17940|0.5
17942|1
17944|1
17950|0.5
18013|0.5
18019|0.5
18021|0.495
18022|0
18067|0.495
18073|0.0627558
18075|0.49005
18076|0
18091|0.382622
18093|0.501985
18094|0.52926
18099|0.426449
18100|0.574271
18102|0.533967
18104|0.480298
18106|0.421472
18112|1
18226|0.495
18228|0.499999
18229|0.5
18234|0.495
18235|0.5
18237|0.5
18239|0.5
18241|0.422083
18247|0.495049
18252|0.0828492
18253|0
18255|0.499899
18257|0.49968
18261|0.497537
18263|0.47074
18266|0.5
18267|0.47074
18268|0
18273|0.495
18274|0
18283|0.5
18289|0.5
18291|0.5
18292|0
18306|0.466033
18307|0.481959
18309|0.500118
18311|0.49005
18313|0.43025
18315|0
18320|0
18322|0
18325|0.431834
18327|0.501493
18328|0.595136
18333|0.496665
18335|0.032363
18338|0.492247
18339|0.421472
18340|0
18344|0
18348|0
18351|0.236826
18352|0
18354|0.51485
18356|0.404864
18361|0.430161
18363|0.490149
18364|0.5
18370|0
18372|0
18382|0.5
18391|0.5
18397|0.430728
18399|0.495
18400|0
18417|0.48515
18418|0
18423|0.475495
18424|0
18426|0.505
18428|1
18468|0.5
18469|0.5
18471|0.5
18473|0.5
18475|0.5
18477|0.49995
18479|0.5
18482|0.5
18483|0.5
18484|0.50995
18487|0.5
18489|0.5
18490|0.5
18495|0.499608
18497|0.4902
18500|0.5
18501|0.49005
18502|0
18506|0.505
18510|0.5
18512|0.5
18513|0.480298
18514|0
18516|0.5
18518|0.5
18523|0.5
18525|0.5
18526|0.5
18531|0.49005
18532|0.5
18534|0.5
18536|0.5
18538|0.495
18544|0.5
18549|0.5
18551|0.5
18554|0.5
18555|0.5
18556|0.499901
18560|0
18564|0
18567|0.480298
18568|0.5
18570|0.5
18572|0.165517
18574|0.48515
18578|0
18582|0
18593|0
18594|0
18599|0
18601|0
18603|0.5
18604|0.5
18606|0.49995
18608|0.49005
18610|0.49005
18612|0
18617|0
18619|0
18622|0.5
18624|0.5
18625|0.5
18631|0.495
18633|0.499978
18634|0.497549
18639|0.5
18640|0.505
18642|0.505
18644|1
18646|1
18652|0.461372
18657|0.49005
18658|0
18660|0.505
18662|1
18666|0.5
18668|1
18672|1
18678|0.495
18679|0
18688|0.466033
18694|0.49005
18696|0.5
18697|0
18715|0.5
18721|0.5
18723|0.5
18724|0
18741|0.495
18742|0
18747|0.480298
18748|0
18750|0.5
18752|0.495
18793|0.430029
18795|0.5
18796|0.5
18802|0
18804|0
18814|1
18819|0.024132
18820|0
18822|0.582743
18824|0.417257
18828|0
18833|0
18835|0
18840|1
18850|0.5
18859|0
18912|0.5
18913|0
18985|1
18991|1
18993|1
19039|1
19045|1
19047|1
19063|1
19065|1
19071|1
19076|1
19078|1
19084|1
19201|1
19207|1
19209|1
19225|1
19227|1
19233|1
19238|1
19240|1
19246|1
19279|1
19281|1
19287|1
19292|1
19294|1
19300|1
19336|1
19342|1
19344|1
19390|1
19396|1
19398|1
19552|1
19558|1
19560|1
