0|0.594723
1|0.554361
3|0.543827
5|0.500206
7|0.506093
9|0.557922
11|0.501
14|0.500034
15|0.500603
16|0.499999
19|0.511405
21|0.511554
22|0.499996
27|0.583272
29|0.571755
32|0.500401
33|0.996344
34|0.521479
38|0.500369
42|0.499999
44|0.500095
45|0.592224
46|0.541383
48|0.500516
50|0.50027
52|0.569971
55|0.501396
57|0.500336
58|0.5
63|0.501276
64|0.500533
66|0.500203
68|0.499553
70|0.501157
76|0.5
81|0.59082
83|0.58012
86|0.500446
87|0.998949
88|0.503446
92|0.503137
96|0.500319
98|0.51485
99|0.576122
100|0.552438
102|0.544286
104|0.678694
106|0.644723
110|0.566296
114|0.999245
116|0.987241
125|0.502389
126|0.567975
128|1
131|0.548525
132|1
133|0.559905
135|0.961943
136|0.510624
138|0.501471
140|0.50995
142|0.519702
144|0.507064
146|0.51485
149|0.495
150|0.50995
151|0.5
154|0.644723
156|0.678694
157|0.500393
163|0.500998
165|0.510659
166|0.500049
171|0.500919
172|0.500098
174|0.500666
176|0.500048
178|0.5
184|0.49995
189|0.562245
190|0.503109
192|0.537246
194|0.500009
196|0.547809
198|0.500212
200|0.500554
203|0.49005
204|0.500159
205|0.466223
208|0.574271
210|0.500814
211|0.495049
220|0.5
226|0.505
228|0.505
229|1
243|0.506795
245|0.500645
248|0.499998
249|0.500229
250|0.5
254|0.502871
258|0.500182
260|0.51485
261|0.536649
262|0.521364
264|0.499983
266|0.500005
268|0.502227
272|0.49886
276|0.491396
278|0.519702
287|0.50005
288|0.471322
290|0.552331
293|0.5
294|0.547809
295|0.512586
297|0.500188
298|0.5
300|0.499998
302|0.499904
304|0.5
306|0.500335
308|0.51485
311|0.495
312|0.50995
313|0.50005
316|0.501281
318|0.5
319|0.5
326|0.500266
330|0.502239
332|0.505
341|0.5
342|0.55895
344|0.706482
347|0.5001
348|0.706482
349|0.5001
359|1
371|1
375|1
378|0.501429
380|0.50012
383|0.495049
384|0.500255
385|0.5
389|0.49005
393|0.5
395|0.5
396|0.543833
397|0.5425
399|0.500804
401|0.50995
403|0.752581
405|0.50795
406|0.502885
408|0.499996
410|0.5
412|0.5
414|0.508434
416|0.556808
419|0.495
420|0.578528
421|0.495
424|0.523877
426|0.499969
427|0.311167
432|0.144208
434|0.490382
437|0.461659
438|0.475065
439|0.444184
443|0.466079
447|0.438761
449|0.5
450|0.438412
451|0.271966
453|0.390953
455|0.499319
457|0.556808
460|0.5
462|0.500001
463|0.5
468|0.565627
469|0.5
471|0.5001
473|0.505
475|0.5
481|0.5
487|0.538059
489|0.507566
490|0.500147
495|0.50284
496|0.5
498|0.500217
500|0.500039
502|0.5
508|0.499853
513|0.571897
514|0.508105
516|0.535696
518|0.500101
520|0.565627
522|0.509174
524|0.515721
527|0.5
528|0.500112
529|0.5
532|0.578528
534|0.49995
535|0.495
544|0.5
550|0.51485
552|0.505
553|1
567|0.890297
568|0.902078
570|0.516937
572|0.547809
574|0.867317
576|0.513352
578|0.552331
581|0.500392
582|0.547809
583|0.500247
586|0.900863
588|0.703517
589|0.47074
594|0.562744
596|0.537907
599|0.507747
600|0.99986
601|0.999921
605|0.503047
609|0.50302
611|0.533967
612|0.548988
613|0.0437585
615|0.0769607
617|0.799658
619|0.999714
622|0.876331
624|0.561239
625|0.5001
630|0.543241
631|0.50068
633|0.5
635|0.505
637|0.519702
643|0.50995
652|0.5
658|0.505
660|0.50995
661|1
676|0.52926
678|0.500415
679|0.50005
684|0.501129
685|0.5
687|0.501447
689|0.5
691|0.505
697|0.505
729|0.539956
731|0.502466
734|0.5
735|0.50266
736|0.500197
740|0.499999
744|0.500097
746|0.5
747|0.504234
748|0.50005
750|0.499999
752|0.5
754|0.505
758|0.513603
762|0.504663
764|0.488833
773|0.47109
774|0.510652
776|0.500113
779|0.500517
780|0.50995
781|1
783|0.500678
784|0.499997
786|0.5
788|0.500001
790|0.5
792|0.500119
794|0.505
797|0.497422
798|0.5
799|0.500043
802|0.5
804|0.500001
805|0.5
812|0.505574
816|0.51278
818|0.52926
827|1
828|0.530033
830|0.531825
833|0.537801
834|0.544003
835|0.597795
845|0.461372
857|0.204861
861|0.248024
863|0
864|0.505481
866|0.52926
869|0.5
870|0.533967
871|0.5
875|1
879|1
882|0.513599
883|0.5001
885|0.501753
887|0.715199
889|0.681907
891|0.538765
892|0.500155
894|0.499977
896|0.500048
898|0.505
900|0.500001
902|0.499901
905|0.475495
906|0.499951
907|0.49005
910|0.50995
912|0.500003
913|0.499999
918|0.537159
920|0.514682
923|0.230858
924|0.720867
925|1
929|0.257216
933|0.475495
935|0.413995
936|0.755055
937|1
939|0.501529
941|0.501109
946|0.499898
948|0.49995
949|0.4951
954|0.500038
955|0.471029
957|0.495
959|0.483217
961|0.499656
967|0.49995
974|0.5
978|0.5
980|0.5
989|0.5
990|0.49998
992|0.499927
995|0.500011
996|0.5
997|0.5
1007|0.461372
1019|0.47074
1023|0.495
1025|0
1026|0.5
1028|0.500005
1031|0.499999
1032|0.5
1033|0.5
1037|0.5
1041|0.5
1043|0.5
1044|0.500001
1045|0.500004
1047|0.5
1049|0.5
1051|0.50001
1061|0.5
1073|0.311054
1077|0.466033
1079|0
1109|0.500804
1113|0.500987
1115|0.52926
1124|1
1125|0.50001
1127|0.500142
1130|0.501255
1131|0.500066
1132|0.500357
1134|0.500003
1136|0.5
1139|0.495051
1140|0.5
1141|0.5
1145|0.495
1149|0.490149
1151|0.5
1152|0.50064
1153|0.530085
1155|0.500011
1157|0.500157
1159|0.697497
1163|0.196582
1167|0.434373
1169|0.499851
1178|0.314912
1179|0.394406
1181|0.308508
1184|0.213703
1185|0.533967
1186|1
1188|0.500001
1189|0.500021
1191|0.5
1193|0.49996
1195|0.5
1197|0.500401
1199|0.505
1202|0.422106
1203|0.50995
1204|0.49005
1207|0.513047
1209|0.500001
1210|0.5
1215|0.523
1216|0.5
1218|0.499997
1220|0.5
1222|0.505
1224|0.5
1226|0.5
1229|0.499989
1230|0.505
1231|0.5
1234|0.505
1236|0.499904
1237|0.495
1242|0.54099
1244|0.519882
1247|0.500088
1248|0.67217
1249|1
1253|0.519388
1257|0.50005
1259|0.694441
1260|0.67217
1261|1
1263|0.49005
1265|0.502036
1270|0.5
1272|0.500001
1273|0.5
1278|0.505
1279|0.5
1281|0.5
1283|0.50995
1285|0.5
1291|0.5
1296|0.566697
1298|0.595136
1301|0.500149
1302|0.591047
1303|0.5001
1307|1
1311|1
1314|0.613176
1315|0.447853
1317|0.462064
1319|0.703517
1321|0.668859
1325|0.405911
1329|0.610763
1331|0.718047
1340|1
1341|0.0723392
1343|0.239052
1346|0.12551
1347|0.854756
1348|1
1350|0.591047
1351|0.500149
1353|0.500198
1355|0.50995
1357|0.505
1359|1
1364|1
1366|1
1369|0.50995
1371|0.505
1372|0.5
1378|0.505
1380|0.5
1381|0.5
1386|0.500009
1387|0.5
1389|0.5
1391|0.496789
1393|0.5
1399|0.5
1404|0.815135
1405|1
1407|0.499999
1409|0.499952
1413|0.500804
1415|0.511501
1418|0.29556
1419|0.505
1420|1
1425|0.505
1426|1
1435|0
1441|0
1443|0
1459|0.558943
1461|0.547808
1462|0.507872
1467|0.509242
1468|0.50044
1470|0.501308
1472|0.504532
1474|0.500126
1480|0.520623
1485|0.592527
1486|0.12553
1488|0.544778
1490|0.507353
1492|0.551646
1494|0.514989
1496|0.507337
1499|0.517542
1500|0.50084
1501|0.499997
1504|0.577118
1506|0.540686
1507|0.456759
1516|0.524505
1522|0.505
1524|0.51485
1525|1
1539|0.594846
1540|0.567532
1542|0.506084
1544|0.519702
1546|0.769389
1548|0.528606
1550|0.500463
1553|0.49005
1554|0.500268
1555|0.50005
1558|0.836139
1560|0.685088
1561|0.559507
1566|0.601872
1568|0.979122
1571|0.505415
1572|0.995377
1573|0.623597
1577|0.502436
1581|0.501464
1583|0.547809
1584|1
1585|0.693786
1587|0.645031
1589|0.731866
1591|0.785055
1594|0.79144
1596|0.538628
1597|0.5001
1602|0.505375
1603|0.52556
1605|0.48515
1607|0
1609|0.595136
1615|0.62264
1624|0.524505
1630|0.505
1632|0.519702
1633|1
1648|0.501439
1650|0.542909
1651|0.166957
1656|0.519014
1657|0.502934
1659|0.538249
1661|0.520772
1663|0.5
1669|0
1701|0.501869
1702|0.499975
1704|0.500778
1706|0.49995
1708|0.500017
1710|0.499996
1712|0.51485
1715|0.490849
1716|0.505
1717|0.500761
1720|0.503942
1722|0.5
1723|0.475495
1728|0.0981573
1730|0.658723
1733|0.499972
1734|0.678694
1735|0.499995
1739|0.500296
1743|0.502737
1745|0.524505
1746|0.675449
1747|0.490672
1749|0.475495
1751|0.50995
1753|0.552331
1756|0.5
1758|0.5
1759|0.50005
1764|0.50995
1765|0.5
1767|0.5
1769|0
1771|0.50995
1777|0.5
1782|0.502742
1784|0.51485
1787|0.49005
1788|0.519702
1789|0.501565
1793|0.496042
1797|0.5001
1799|0.505
1800|0.723658
1801|0.523521
1803|0.500247
1805|0.505
1807|0.603193
1811|1
1815|1
1826|1
1827|1
1832|1
1834|1
1836|0.504348
1837|0.507322
1839|0.466033
1841|0
1843|0.52926
1845|0.485684
1847|0
1851|0.5
1852|0.5
1855|0.757504
1857|0.50995
1858|0.500296
1864|0.500121
1866|0.504094
1867|0.475495
1872|0.574271
1873|0.502762
1875|0.520502
1877|0.569971
1879|0.52926
1885|0
1890|0.0563221
1891|0.0480408
1893|0.0405239
1895|0.493961
1897|0.498383
1899|0.0512537
1901|0.62264
1904|0.102562
1905|0.633848
1906|0.434417
1909|0
1911|0
1921|0.5
1927|0.519702
1929|0.574271
1930|1
1948|0.519702
1954|0.50995
1956|0.51485
1957|1
1972|0.509757
1974|0.550179
1975|0.500022
1980|0.509642
1981|0.500558
1983|0.50282
1985|0.500021
1987|0.500176
1993|0.499175
2026|0.875081
2028|0.543241
2029|0.500149
2034|0.511019
2035|0.500585
2037|0.500534
2039|0.50995
2041|0.51485
2047|0.633848
2052|0.556024
2053|0.351759
2055|0.55392
2057|0.983263
2059|0.998879
2061|0.513925
2063|0.505613
2066|0.500295
2067|0.502622
2068|0.501683
2071|0.867317
2073|0.993294
2074|0.4402
2083|0.505
2089|0.578528
2091|0.50995
2092|1
2137|0.50995
2143|0.538628
2145|0.85907
2146|1
2187|0.565911
2189|0.501841
2192|0.500424
2193|0.504126
2194|0.5
2198|0.499999
2202|0.5
2204|0.5
2205|0.573989
2206|0.500024
2208|0.50018
2210|0.519702
2212|0.500009
2216|0.500791
2220|0.500132
2222|0.499917
2231|0.500006
2232|0.501453
2234|0.499953
2237|0.500047
2238|0.502312
2239|0.508377
2241|0.601856
2242|0.5
2244|0.5
2246|0.51485
2248|0.5
2250|0.499999
2252|0.49995
2255|0.49005
2256|0.5
2257|0.5
2260|0.5
2262|0.5
2263|0.5
2270|0.50732
2274|0.52169
2276|0.500184
2285|0.501136
2286|0.572142
2288|0.861874
2291|1
2292|0.552397
2293|0.547692
2303|0.425729
2315|0.309921
2319|0.0563732
2321|0
2322|0.96489
2324|0.97149
2327|1
2328|0.97954
2329|0.504155
2333|0.47074
2337|0.500592
2339|0.50995
2340|0.956952
2341|0.500149
2343|1
2347|0.93301
2349|0.504034
2350|0.5
2352|0.499997
2354|0.498202
2356|0.500003
2358|0.5
2360|0.5
2363|0.48515
2364|0.5
2365|0.5
2368|0.5
2370|0.499877
2371|0.48515
2376|0.511729
2378|0.500016
2381|0.475495
2382|0.500124
2383|0.5
2387|0.495
2391|0.500337
2393|0.500194
2394|0.500034
2395|0.5
2397|0.452191
2399|0.499802
2401|0.52926
2404|0.5
2406|0.5
2407|0.5
2412|0.5
2413|0.5
2415|0.5
2417|0.5
2419|0.500001
2425|0.5
2432|0.499998
2436|0.5
2438|0.5
2447|0.5
2448|0.500001
2450|0.500009
2453|0.500269
2454|0.500103
2455|0.500935
2465|0.495
2477|0.495
2481|0.47074
2483|0
2484|0.5
2486|0.5
2489|0.495
2490|0.5
2491|0.5
2495|0.495
2499|0.5
2501|0.5
2502|0.500002
2503|0.500003
2505|0.5
2507|0.50995
2509|0.500279
2519|0.47074
2531|0.480298
2535|0.116695
2537|0
2567|0.447946
2571|0.500021
2573|0.499901
2582|0.495
2583|0.500571
2585|0.51485
2588|1
2589|0.500467
2590|0.501992
2592|0.499996
2594|0.499917
2597|0.49005
2598|0.5
2599|0.5
2603|0.495
2607|0.5
2609|0.5
2610|0.500009
2611|0.303103
2613|0.47074
2615|0.49927
2617|0.500014
2621|0.47074
2625|0.445988
2627|0.379332
2636|0.277272
2637|0.389551
2639|0.499655
2642|0.47074
2643|0.499656
2644|0.48515
2646|0.5
2647|0.5
2649|0.499999
2651|0.5
2653|0.5
2655|0.499999
2657|0.5
2660|0.5
2661|0.5
2662|0.500147
2665|0.500048
2667|0.5
2668|0.495
2673|0.503993
2674|0.5
2676|0.5
2678|0.505
2680|0.500001
2682|0.5
2684|0.5
2687|0.499994
2688|0.500012
2689|0.5
2692|0.500768
2694|0.50995
2695|0.480395
2700|0.516045
2702|0.534552
2705|0.500049
2706|0.500029
2707|0.500051
2711|0.500018
2715|0.5
2717|0.5
2718|0.50819
2719|0.475495
2721|0.495
2723|0.505
2725|0.52926
2728|0.5
2730|0.5
2731|0.5
2736|0.5
2737|0.5
2739|0.5
2741|0.50995
2743|0.5
2749|0.505
2754|0.5156
2756|0.543241
2759|1
2760|0.501754
2761|0.5
2765|0.5
2769|0.501362
2771|0.519702
2772|0.887026
2773|0.46632
2775|1
2779|0.920529
2783|0.529142
2787|0.451206
2789|0.514128
2798|0.522873
2799|0.0560143
2801|0.929558
2804|1
2805|0.298657
2806|0.169424
2808|0.950448
2809|0.501059
2811|1
2815|0.519702
2817|0.500535
2819|0.50995
2822|1
2823|0.533967
2824|0.500197
2827|0.50995
2830|1
2836|0.5
2838|0.5
2839|0.5
2844|0.5
2845|0.5
2847|0.5
2849|0.496789
2851|0.5
2857|0.5
2862|0.500076
2863|0.5
2865|0.5
2867|0.5
2869|0.505
2871|0.500001
2873|0.5
2876|0.461372
2877|0.500118
2878|0.5
2881|0.5
2883|0.5
2884|0.5
2893|0
2899|0
2901|0
2918|0.500098
2922|0.500421
2924|0.505
2933|0.5
2934|0.500139
2936|0.505
2939|0.5
2940|0.505
2941|0.5
2951|0.467083
2963|0.47074
2967|0.480298
2969|0
2970|0.50005
2972|0.505
2975|0.5
2976|0.50995
2977|0.5
2981|0.5
2985|0.5
2987|0.5
2988|0.505
2989|0.5
2991|0.5
2993|0.5
2995|0.5
3005|0.48515
3017|0.309192
3021|0.112834
3023|0
3053|0.503171
3057|0.986602
3059|0.967182
3068|1
3069|0.550103
3071|0.633848
3074|1
3075|0.991378
3076|0.5
3078|0.5003
3080|0.50995
3083|0.49005
3084|0.50995
3085|0.5
3089|0.495
3093|0.50005
3095|0.5
3096|0.51485
3097|0.5
3099|0.498351
3101|0.51485
3103|0.5
3107|0.201981
3111|0.500536
3113|0.538628
3122|0.31528
3123|0.501007
3125|0.51485
3128|0.480298
3129|0.51485
3130|1
3132|0.50995
3133|0.480298
3135|0.495
3137|0.5
3139|0.5
3141|0.480298
3143|0.5
3146|0.421472
3147|0.5
3148|0.49005
3151|0.5
3153|0.50995
3154|0.495
3167|0.5
3179|0.495
3183|0.480689
3185|0
3215|0.50005
3219|0.5
3221|0.5
3230|0.5
3231|0.500098
3233|0.505
3236|0.5
3237|0.50995
3238|0.500638
3302|0.47074
3314|0.466033
3318|0.396929
3320|0
3323|0.495049
3327|0.5
3329|0.5
3338|0.5
3339|0.500092
3341|0.505
3344|0.466033
3345|0.50995
3346|0.500825
3356|0.279133
3368|0.214945
3372|0.49005
3374|0
3375|0.5
3377|0.505
3380|0.49005
3381|0.5
3382|0.5
3386|0.5
3390|0.50005
3392|0.505
3393|0.505
3394|0.512665
3396|0.50005
3398|0.505
3400|0.79144
3402|0.500335
3404|0.505
3407|0.5
3408|0.51485
3409|0.5
3413|0.50005
3417|0.5
3419|0.5
3420|0.505
3421|0.48515
3423|0.495
3425|0.5
3427|0.5
3431|0.497882
3435|0.500149
3437|0.51485
3446|0.500632
3447|0.475495
3449|0.5
3452|0.47074
3453|0.505
3454|1
3456|0.50995
3457|0.5
3459|0.5
3461|0.5
3463|0.5
3465|0.5
3467|0.5
3470|0.495
3471|0.5
3472|0.5
3475|0.5
3477|0.5
3478|0.5
3485|0.500149
3489|0.500538
3491|0.51485
3500|1
3501|0.443192
3503|0.51485
3506|1
3507|0.519702
3508|0.47559
3518|0.144392
3530|0.12618
3534|0.170583
3536|0
3537|0.501855
3539|0.543241
3542|1
3543|0.975232
3544|0.501851
3548|1
3552|1
3555|0.62264
3556|0.495
3558|1
3562|0.524505
3564|0.505
3565|0.5
3567|0.5
3569|0.5
3571|0.5
3573|0.5
3575|0.505
3578|0.461372
3579|0.505
3580|0.5
3583|0.5
3585|0.51485
3586|0.49005
3591|0.501889
3593|0.533967
3596|0.495
3597|0.519702
3598|1
3602|0.254118
3606|0.502494
3608|0.543241
3609|0.524505
3610|1
3612|0.5
3614|0.5
3619|0
3621|0
3627|0
3632|0
3634|0
3640|0
3645|0.505105
3646|0.500235
3648|0.500514
3650|0.519702
3652|0.500008
3654|0.5
3656|0.499952
3659|0.48515
3660|0.5
3661|0.5
3664|0.500028
3666|0.50995
3667|0.49005
3672|0.513521
3674|0.502529
3677|0.500042
3678|0.500683
3679|0.5
3683|0.500026
3687|0.5
3689|0.500193
3690|0.504457
3691|0.466033
3693|0.49005
3695|0.505
3697|0.525832
3700|0.500002
3702|0.51485
3703|0.5
3708|0.5
3709|0.5
3711|0.5
3713|0
3715|0.500001
3721|0.5
3726|0.51017
3728|0.533967
3731|1
3732|0.505545
3733|0.501156
3737|0.47074
3741|0.500005
3743|0.50368
3744|0.885885
3745|0.501971
3747|1
3751|0.908522
3755|0.522105
3759|0.509579
3761|0.595136
3770|0.519027
3771|0.576631
3773|0.665514
3776|1
3777|0.67217
3778|0.598987
3780|0.949441
3781|0.501014
3783|1
3787|0.519702
3789|0.461372
3791|0
3795|0.500035
3796|0.500207
3799|0.519702
3802|1
3808|0.500016
3810|0.499544
3811|0.48515
3816|0.5
3817|0.500084
3819|0.496197
3821|0.469869
3823|0.500016
3829|0
3834|0.513261
3835|0.32657
3837|0.0939337
3839|0.498075
3841|0.5
3843|0.512002
3845|0.50112
3848|0.113315
3849|0.501255
3850|0.5
3853|0
3855|0
3865|0.5
3871|0.505
3873|0.51485
3874|1
3888|0.5
3890|0.5
3893|0.5
3894|0.500001
3895|0.5
3899|0.5
3903|0.5
3905|0.5
3906|0.500035
3907|0.49005
3909|0.495
3911|0.50995
3913|0.50006
3917|0.5
3921|0.500147
3923|0.505
3932|0.50005
3933|0.490149
3935|0.5
3938|0.5
3939|0.505
3940|0.452191
3942|0.5
3943|0.500001
3945|0.5
3947|0
3949|0.5
3951|0.5
3953|0
3957|0.5
3958|0.5
3961|0.500001
3963|0.5
3964|0.495
3971|0.5
3975|0.499999
3977|0.5
3986|0.49005
3987|0.502365
3989|0.524505
3992|1
3993|0.543241
3994|0.503968
4004|1
4016|1
4020|1
4023|0.457414
4025|0
4029|0.499953
4030|0.5
4038|0.48515
4040|0
4041|0.524505
4042|0.500577
4044|1
4048|0.578528
4050|0.500001
4051|0.48515
4053|0.475495
4055|0.5
4057|0.5
4059|0.500149
4061|0.505
4064|0.355277
4065|0.505
4066|0.500096
4069|0
4071|0
4077|0.0450786
4079|0.497503
4082|0.425729
4083|0.500037
4084|0.466322
4088|0.452191
4092|0.500644
4094|0.533967
4095|0
4100|0
4102|0
4105|0.500001
4107|0.49995
4108|0.5
4113|0.505
4114|0.500099
4116|0.49005
4118|0
4120|0.51485
4126|0
4132|0.500034
4134|0.5
4135|0.5
4140|0.5
4141|0.5
4143|0.5
4145|0.505
4147|0.5
4153|0.5
4158|0.501033
4159|0.500001
4161|0.50019
4163|0.50995
4165|0.500127
4167|0.5
4169|0.500592
4172|0.5
4173|0.5
4174|0.5
4177|0.5
4179|0.5
4180|0.480298
4189|0.5
4195|0.5
4197|0.5
4198|1
4212|0.561239
4213|0.501333
4215|1
4219|0.519702
4221|0.500096
4223|0.505
4226|1
4227|0.500326
4228|0.501344
4231|0.524505
4234|1
4239|0.51337
4241|0.841005
4244|1
4245|0.508655
4246|0.505624
4250|0.510121
4254|0.5
4256|0.5
4257|0.841005
4258|0.468092
4260|1
4264|0.755055
4267|0.524505
4270|1
4275|0.50995
4276|0.50005
4278|1
4282|0.538628
4297|0.5
4303|0.505
4305|0.505
4306|1
4321|0.5
4323|0.500131
4324|0.5
4329|0.500151
4330|0.5
4332|0.502433
4334|0.5
4336|0.5
4342|0
4375|0.500808
4377|0.501059
4378|0.500794
4383|0.500693
4384|0.499997
4386|0.500195
4388|0.5
4390|0.499904
4396|0.500047
4401|0.97169
4402|0.407272
4404|0.502682
4406|0.5
4408|0.552331
4410|0.499981
4412|0.500009
4415|0.5
4416|0.500105
4417|0.495
4420|0.565627
4422|0.500236
4423|0.499982
4432|0.505
4438|0.505
4440|0.50995
4441|1
4455|0.994944
4456|0.50596
4458|0.505564
4460|0.500495
4462|0.50995
4464|0.50337
4466|0.524505
4469|0.499999
4470|0.52926
4471|0.5001
4474|0.685088
4476|0.53392
4477|0.498023
4482|0.996499
4484|0.976914
4487|0.500011
4488|0.981118
4489|0.501061
4493|0.501389
4497|0.503332
4499|0.533967
4500|1
4501|0.544656
4503|0.516026
4505|0.641135
4507|0.665514
4510|0.505
4512|0.500114
4513|0.500149
4518|0.519702
4519|0.5
4521|0.50005
4523|0.5
4525|0.505
4531|0.519702
4540|0.51485
4546|0.505
4548|0.51485
4549|1
4564|0.524505
4566|0.500002
4567|0.50005
4572|0.499957
4573|0.495
4575|0.499992
4577|0.499958
4579|0
4585|0.505
4617|0.500657
4618|0.499995
4620|0.499999
4622|0.5
4624|0.5
4626|0.499998
4628|0.50995
4631|0.50005
4632|0.505
4633|0.495
4636|0.502628
4638|0.5
4639|0.5
4644|0.501223
4646|0.51485
4649|0.5
4650|0.519702
4651|0.5
4655|0.500247
4659|0.49005
4661|0.50995
4662|0.52926
4663|0.50005
4665|0.5
4667|0.5
4669|0.552331
4672|0.5
4674|0.5
4675|0.5
4680|0.50995
4681|0.5
4683|0.50005
4685|0.5
4687|0.505
4693|0.5
4698|0.500534
4700|0.50995
4703|0.500045
4704|0.524505
4705|0.50005
4709|0.50005
4713|0.5
4715|0.5
4716|0.706482
4717|0.520607
4719|0.500045
4721|0.5
4723|0.599185
4727|1
4731|1
4742|1
4743|1
4748|1
4750|1
4752|0.500871
4753|0.50005
4755|0.499999
4757|0.5
4759|0.505
4761|0.50693
4763|0.543241
4766|0.48515
4767|0.533967
4768|0.5
4771|0.809476
4773|0.5
4774|0.5
4780|0.5
4782|0.5
4783|0.5
4788|0.556808
4789|0.5
4791|0.5
4793|0.5
4795|0
4801|0.5
4806|0.498427
4807|0.4902
4809|0.49206
4811|0.500004
4813|0
4815|0.475495
4817|0.50995
4820|0.495
4821|0
4825|0.50995
4827|0.500001
4828|0.5
4837|0.5
4843|0.5
4845|0.505
4846|1
4864|0.51485
4870|0.5
4872|0.505
4873|1
4888|0.51485
4890|0.500618
4891|0.5
4896|0.500015
4897|0.50005
4899|0.5
4901|0.5
4903|0.505
4909|0.5
4942|0.869957
4944|0.518473
4945|0.500344
4950|0.543241
4951|0.5
4953|0.500247
4955|0.51485
4957|0.50995
4963|0.51485
4968|0.998634
4969|0.535067
4971|0.520302
4973|0.500684
4975|0.990562
4977|0.502532
4979|0.538628
4982|0.5
4983|0.552331
4984|0.503846
4987|0.805608
4989|0.527375
4990|0.466033
4999|0.51485
5005|0.50995
5007|0.505
5008|1
5053|0.505
5059|0.5
5061|0.505
5062|1
5103|0.674263
5104|0.5001
5106|0.5
5108|0.500003
5110|0.505
5112|0.5
5114|0.5
5117|0.5
5118|0.5
5119|0.495
5122|0.5
5124|0.5
5125|0.500196
5130|0.954429
5132|0.974243
5135|0.500022
5136|0.954276
5137|1
5141|0.4999
5145|0.475933
5147|0.52926
5148|0.934343
5149|1
5151|0.500049
5153|0.500018
5158|0.5
5160|0.500002
5161|0.5
5166|0.505
5167|0.5
5169|0.5
5171|0.505
5173|0.505
5179|0.5
5184|0.504541
5186|0.533967
5189|0.500257
5190|0.533967
5191|0.5
5195|1
5199|1
5202|0.53921
5203|0.5001
5205|0.500176
5207|0.514588
5209|0.668859
5213|0.980559
5217|0.504189
5219|0.983431
5228|1
5229|0.647862
5231|0.989976
5234|0.502485
5235|0.750081
5236|1
5238|0.52926
5239|0.5
5241|0.500462
5243|0.50995
5245|0.5
5247|1
5252|1
5254|1
5257|0.50995
5259|0.500042
5260|0.500251
5266|0.505
5268|0.500005
5269|0.5
5274|0.499974
5275|0.5
5277|0.50032
5279|0.499954
5281|0
5287|0.505
5292|0.949947
5293|1
5295|0.50005
5297|0.5
5301|0.461466
5303|0.481603
5306|0.400815
5307|0
5313|0.538628
5314|1
5323|0.505
5329|0.5
5331|0.5
5332|1
5346|0.5
5348|0.5
5351|0.5
5352|0.5
5353|0.5
5357|0.5
5361|0.5
5363|0.5
5364|0.5
5365|0.50005
5367|0.5
5369|0.5
5371|0.505
5375|0.499414
5379|0.47074
5381|0.50995
5390|0.5
5391|0.50049
5393|0.51485
5396|0.5
5397|0.51485
5398|1
5400|0.5
5401|0.5
5403|0.5
5405|0.5
5407|0.5
5409|0.50005
5411|0.5
5414|0.5
5415|0.5
5416|0.5
5419|0.500024
5421|0.5
5422|0.5
5429|0.5
5433|0.5
5435|0.5
5444|1
5445|0.5
5447|0.5
5450|0.518198
5451|0.5
5452|0.500345
5462|1
5474|1
5478|1
5481|0.5
5483|0.505
5486|0.5
5487|0.519702
5488|0.5
5492|1
5496|1
5499|0.500008
5500|0.500209
5502|0.5
5504|0.5
5506|0.524505
5508|0.500001
5509|0.480298
5511|0.50001
5513|0.500074
5515|0
5517|0.480298
5519|0.5
5522|0.495
5523|0
5527|0.726422
5529|0.5
5530|0.5
5535|0.481128
5537|0.488752
5540|0.39697
5541|0
5546|0.396807
5552|0
5553|0.533967
5554|1
5556|0.50005
5558|0.5
5563|0.500024
5565|0.5
5566|0.500282
5571|0.51485
5572|0.49005
5574|0.50005
5576|0.50995
5578|0
5584|0.5
5590|0.505
5592|0.500001
5593|0.5
5598|0.5
5599|0.5
5601|0.5
5603|0.50995
5605|0.5
5611|0.50995
5616|0.932333
5617|1
5619|0.50005
5621|0.500224
5625|0.500296
5627|0.668859
5630|0.5
5631|0.50995
5632|1
5637|0.505
5638|1
5647|0.5
5653|0.5
5655|0.5
5656|1
5670|0.586916
5671|0.500537
5673|0.5
5675|0.50995
5677|0.50995
5679|1
5684|1
5686|1
5689|0.50995
5691|0.500004
5692|0.495
5697|0.99877
5699|0.994115
5702|0.501652
5703|0.9844
5704|1
5708|1
5712|1
5715|1
5716|1
5718|0.277247
5720|0.5
5725|0.51485
5727|0.519702
5728|0.5
5734|1
5736|1
5746|0.51485
5755|0.5
5761|0.5
5763|0.51485
5764|1
5781|0.505
5782|1
5787|0.50995
5788|1
5790|0.5
5792|0.5
5836|0.524505
5842|0.51485
5844|0.50995
5845|1
5860|0.101639
5862|0.507336
5863|0.0819667
5868|0.55466
5869|0.0886684
5871|0.422164
5873|0.500688
5875|0.499559
5881|0.499237
5914|0.752581
5916|0.503906
5917|0.461372
5922|0.510506
5923|0.475495
5925|0.47074
5927|0.499901
5929|0.505
5935|0.62264
5940|0.97002
5941|0.0860822
5943|0.391577
5945|0.519702
5947|0.715199
5949|0.47074
5951|0.52926
5954|0.495
5955|0.533967
5956|0.475495
5959|0.771695
5961|0.734547
5962|0.466033
5971|0.505
5977|0.591047
5979|0.505
5980|1
6025|0.524505
6031|0.524505
6033|0.865977
6034|1
6076|0.499936
6078|0.499906
6079|0.495
6084|0.5
6085|0.495
6087|0.495
6089|0.505
6091|0.505
6097|0.49995
6102|0.665514
6103|0.0808545
6105|0.456759
6107|0.505
6109|0.519702
6111|0.495
6113|0.50995
6116|0.495
6117|0.52926
6118|0.480298
6121|0.543241
6123|0.5
6124|0.48515
6133|0.505
6139|0.5
6141|0.505
6142|1
6156|0.50995
6157|0.49005
6159|0.475495
6161|0.505
6163|0.519702
6165|0.480298
6167|0.505
6170|0.49005
6171|0.505
6172|0.5
6175|0.603193
6177|0.505
6178|0.495
6183|1
6188|1
6190|1
6194|1
6198|1
6202|1
6204|1
6211|0.538628
6213|0.49995
6214|0.5
6219|0.538628
6220|0.5
6222|0.49005
6224|0
6226|0.5
6232|0.51485
6241|0.5
6247|0.52926
6249|0.565627
6250|1
6265|0.49611
6267|0.465162
6268|0.37736
6273|0.63015
6274|0.438761
6276|0.383196
6278|0.556808
6280|0
6286|0
6349|0.50995
6355|0.569971
6357|0.50995
6358|1
6403|0.50995
6409|0.51485
6411|0.50995
6412|1
6427|0.614978
6429|0.520084
6430|0.0169905
6435|0.501625
6436|0.480298
6438|0.0188856
6440|0.5
6442|0.556808
6448|0.582743
6561|0.558009
6563|0.50105
6566|0.500009
6567|0.567103
6568|0.500874
6572|0.5
6576|0.503741
6578|0.51485
6579|0.506887
6580|0.500049
6582|0.499999
6584|0.5
6586|0.51485
6590|0.504734
6594|0.568157
6596|0.501245
6605|0.504426
6606|0.518299
6608|0.50007
6611|0.500422
6612|0.505641
6613|0.526829
6615|0.500506
6616|0.500196
6618|0.499998
6620|0.499959
6622|0.519702
6624|0.500294
6626|0.5
6629|0.49005
6630|0.51485
6631|0.508213
6634|0.505
6636|0.5
6637|0.5
6644|0.504305
6648|0.505394
6650|0.511445
6659|0.542414
6660|0.543113
6662|0.537038
6665|0.537814
6666|0.694441
6667|1
6677|0.448946
6689|0.204506
6693|0.303935
6695|0
6696|0.503879
6698|0.509284
6701|0.495
6702|0.51485
6703|1
6707|0.49005
6711|0.50005
6713|0.614978
6714|0.703517
6715|1
6717|0.500344
6719|0.723658
6723|0.522047
6724|0.500033
6726|0.500037
6728|0.5
6730|0.499984
6732|0.500002
6734|0.5
6737|0.500192
6738|0.51485
6739|0.490582
6742|0.5
6744|0.499951
6745|0.5
6750|0.566015
6752|0.512389
6755|0.500825
6756|0.503293
6757|0.435282
6761|0.511535
6765|0.443192
6767|0.538628
6768|0.605853
6769|0.485298
6771|0.456759
6773|0.500959
6775|0.591047
6778|0.5
6780|0.5
6781|0.5
6786|0.50995
6787|0.5
6789|0.5
6791|0.50995
6793|0.543241
6799|0.5
6806|0.500196
6810|0.499602
6812|0.505
6821|1
6822|0.499581
6824|0.49995
6827|0.499999
6828|0.495549
6829|0.484995
6839|0.49005
6851|0.47074
6855|0.470978
6857|0
6858|0.5
6860|0.5
6863|0.495
6864|0.505
6865|0.5
6869|1
6873|1
6876|0.500009
6877|0.500198
6879|0.5
6881|0.5
6883|0.51485
6893|0.49005
6905|0.303821
6909|0.480298
6911|0
6941|0.470788
6945|0.50005
6947|0.5
6956|1
6957|0.493429
6959|0.462178
6962|0.374754
6963|0.505
6964|1
6966|0.500176
6968|0.505
6971|0.50005
6972|0.50995
6973|0.495049
6977|1
6981|1
6984|0.500016
6985|0.284917
6987|0.48515
6989|0.5
6991|0.44606
6995|0.468319
6999|0.422942
7001|0.52926
7010|1
7011|0.393808
7013|0.406924
7016|0.289107
7017|0.499558
7018|0.351724
7020|0.505
7021|0.50005
7023|0.5
7025|0.5
7027|0.505
7029|1
7034|1
7036|1
7039|0.500002
7041|0.5
7042|0.5
7047|0.512883
7048|0.500149
7050|0.500006
7052|0.5
7054|0.51485
7056|0.500001
7058|0.5
7061|0.499999
7062|0.509754
7063|0.499997
7066|0.505
7068|0.5
7069|0.50005
7074|0.549149
7076|0.500065
7079|0.5
7080|0.559837
7081|0.535801
7085|0.5
7089|0.500517
7091|0.509959
7092|0.501904
7093|0.5
7095|0.5
7097|0.500219
7099|0.603193
7102|0.505
7104|0.5
7105|0.5
7110|0.5
7111|0.5
7113|0.5
7115|0.5
7117|0.543241
7123|0.5
7128|0.519275
7130|0.519895
7133|0.501146
7134|0.538628
7135|1
7139|0.5
7143|0.534429
7145|0.607161
7146|0.675449
7147|1
7149|0.500345
7151|0.720867
7157|0.523192
7161|0.567496
7163|0.533863
7172|0.534857
7173|0.543347
7175|0.523254
7178|0.521534
7179|1
7180|1
7182|0.51485
7183|1
7185|0.5
7187|0.505
7191|0.5001
7193|0.505
7196|0.5
7197|0.586916
7198|1
7203|0.51485
7204|1
7210|0.500001
7212|0.500355
7213|0.495
7218|0.500134
7219|0.495
7221|0.49005
7223|0.499972
7225|0.499802
7231|0.5
7236|0.505677
7237|0.500476
7239|0.506205
7241|0.5
7243|0.603193
7245|0.504027
7247|0.506736
7250|0.5
7251|0.501533
7252|0.456946
7255|0.505
7257|0.500004
7258|0.5
7267|0
7273|0
7275|0
7292|0.500132
7296|0.501035
7298|0.505
7307|0.5
7308|0.500384
7310|0.50995
7313|0.5
7314|0.505
7315|0.5
7325|0.456759
7337|0.471221
7341|0.491019
7343|0
7344|0.50005
7346|0.505
7349|0.500243
7350|0.51485
7351|0.5
7355|0.5
7359|0.5
7361|0.5
7362|0.505
7363|0.5
7365|0.5
7367|0.505
7369|0.5
7379|0.475966
7391|0.223381
7395|0.480544
7397|0
7427|0.533761
7431|0.50005
7433|0.591047
7442|1
7443|0.500296
7445|0.599185
7448|0.5
7449|0.50995
7450|1
7452|0.500209
7454|0.50995
7457|0.500408
7458|0.50995
7459|0.4902
7463|0.5
7467|0.5
7469|0.5
7470|0.50995
7471|0.50005
7473|0.50005
7475|0.505
7477|0.505
7481|0.51287
7485|0.47074
7487|0.79144
7496|0.314878
7497|0.679211
7499|0.831123
7502|0.501615
7503|0.750081
7504|1
7506|0.50995
7507|0.480298
7509|0.5
7511|0.50995
7513|0.5
7515|0.48515
7517|0.5
7520|0.42201
7521|0.5
7522|0.495
7525|0.5
7527|0.5
7528|0.5
7541|0.5
7553|0.495
7557|0.480298
7559|0
7589|0.5
7593|0.5
7595|0.5
7604|1
7605|0.5
7607|0.5
7610|0.5
7611|0.5
7612|0.50005
7676|0.490198
7688|0.373586
7692|0.495
7694|0
7697|0.5
7701|0.495
7703|0.5
7712|1
7713|0.500134
7715|0.505
7718|0.500506
7719|0.505
7720|0.352705
7730|0.48515
7742|0.20955
7746|0.48515
7748|0
7749|0.5
7751|0.5
7754|0.500629
7755|0.5
7756|0.5
7760|1
7764|1
7767|0.505
7768|0.500548
7770|0.5
7772|0.52926
7774|0.533967
7776|0.500049
7778|0.505
7781|0.5
7782|0.50995
7783|0.5
7787|0.5
7791|0.500197
7793|0.505
7794|0.50995
7795|0.5
7797|0.5001
7799|0.505
7801|0.5
7805|0.500885
7809|0.535179
7811|0.599185
7820|0.5001
7821|0.5001
7823|0.51485
7826|0.50608
7827|0.591047
7828|1
7830|0.505
7831|0.5
7833|0.5
7835|0.505
7837|0.5
7839|0.5
7841|0.5
7844|0.495
7845|0.505
7846|0.5
7849|0.5
7851|0.505
7852|0.5
7859|0.502719
7863|0.500149
7865|0.538628
7874|1
7875|0.679795
7877|0.755055
7880|0.5
7881|0.742431
7882|1
7892|0.0743176
7904|0.0440328
7908|0.13067
7910|0
7911|0.500149
7913|0.578528
7916|0.50005
7917|0.51485
7918|1
7922|1
7926|1
7929|0.742431
7930|1
7932|0.500198
7934|0.50995
7938|0.505
7939|0.5
7941|0.49005
7943|0.519702
7945|0.505
7947|0.5
7949|0.5
7952|0.452191
7953|0.505
7954|0.49005
7957|0.5
7959|0.505
7960|0.5
7965|0.503847
7967|0.778476
7970|0.5
7971|0.595136
7972|1
7976|0.508293
7980|0.480298
7982|0.803644
7983|0.750081
7984|1
7986|0.500824
7988|0.603193
7993|0
7995|0
8001|0
8006|0
8008|0
8014|0
8019|0.528174
8020|0.501107
8022|0.50031
8024|0.501713
8026|0.505
8028|0.500075
8030|0.5
8033|0.48515
8034|0.52926
8035|0.5001
8038|0.519702
8040|0.500039
8041|0.495
8046|0.566577
8048|0.586425
8051|0.507142
8052|0.997794
8053|0.481967
8057|0.523743
8061|0.507644
8063|0.720867
8064|0.996335
8065|0.293518
8067|0.328113
8069|0.503664
8071|0.586916
8074|0.51485
8076|0.500024
8077|0.501277
8082|0.505
8083|0.50005
8085|0.495
8087|0
8089|0.538628
8095|0.51485
8100|0.511742
8102|0.523487
8105|0.47074
8106|0.519702
8107|1
8111|0.470884
8115|0.5
8117|0.614978
8118|0.678694
8119|1
8121|0.502586
8123|0.697497
8129|0.538652
8133|0.998716
8135|0.996103
8144|0.500388
8145|0.997672
8147|0.999111
8150|0.578797
8151|0.996331
8152|1
8154|0.533967
8155|1
8157|0.495
8159|0
8163|0.495
8165|0
8169|0.505
8170|1
8175|0.519702
8176|1
8182|0.502419
8184|0.5
8185|0.5
8190|0.505
8191|0.513467
8193|0.50005
8195|0.50995
8197|0.556808
8203|0
8208|0.569757
8209|0.026419
8211|0.0406844
8213|0.516205
8215|0.396536
8217|0.571421
8219|1
8222|0.516761
8223|1
8224|0.141712
8227|0
8229|0
8239|0.51485
8245|0.556808
8247|0.5
8248|1
8262|0.505974
8264|0.51485
8267|0.495
8268|0.52926
8269|0.5
8273|1
8277|1
8280|0.515967
8281|0.47074
8283|0.495
8285|0.49995
8287|0.519702
8291|0.649768
8295|0.519384
8297|0.729157
8306|1
8307|0.321426
8309|0.73983
8312|0.475495
8313|0.595136
8314|0.48515
8316|0.519702
8317|0.5
8319|0.495
8321|0
8323|0.5
8325|1
8332|1
8335|0.505
8337|0.5
8338|0.5
8345|0.47074
8349|0.50005
8351|0.505
8360|1
8361|0.550436
8363|0.62264
8366|0.480298
8367|0.618829
8368|1
8378|1
8390|1
8394|1
8397|0.456759
8399|0
8403|0.505
8404|1
8412|1
8415|0.618829
8416|1
8418|0.5
8420|0
8424|0.51485
8425|0.490149
8427|0.490198
8429|0.50995
8431|0.505
8433|1
8438|1
8440|1
8443|0
8445|0
8451|0.0510859
8453|0.759929
8456|0.417641
8457|0.789333
8458|0.252443
8462|1
8466|1
8469|0
8474|0
8476|0
8479|0.505
8481|0.5
8482|0.5
8488|1
8490|1
8500|0
8506|0.50995
8508|0.500059
8509|0.5
8514|0.500943
8515|0.5
8517|0.499999
8519|0.49995
8521|0.505
8527|0.505
8532|0.537147
8533|0.514205
8535|0.505657
8537|0.500184
8539|0.595136
8541|0.534026
8543|0.5
8546|0.5
8547|0.50116
8548|0.5
8551|0.52926
8553|0.501258
8554|0.480298
8563|0.519702
8569|0.505
8571|0.5
8572|1
8586|0.538628
8587|1
8589|0.5
8591|0.5
8595|0.500048
8597|0.5
8600|0.495
8601|0.599185
8602|1
8607|0.519702
8608|1
8613|0.530005
8615|0.519531
8618|0.520663
8619|0.999992
8620|1
8624|0.5
8628|0.504219
8630|0.5
8631|1
8632|1
8634|0.901033
8636|1
8643|0.5
8644|1
8649|0.505
8650|1
8652|0.5
8654|0
8671|0.5
8677|0.552331
8679|0.505
8680|1
8695|0.516188
8697|0.518923
8698|0.439937
8703|0.529205
8704|0.52985
8706|0.525223
8708|0.5
8710|0.5
8716|0
8750|0.5
8754|0.500281
8756|0.505
8765|0.5
8766|0.500764
8768|0.505
8771|0.5
8772|0.51485
8773|0.5
8783|0.49505
8795|0.485395
8799|0.49005
8801|0
8802|0.499997
8804|0.5
8807|0.5
8808|0.505
8809|0.5
8813|0.5
8817|0.5
8819|0.5
8820|0.51485
8821|0.5
8823|0.5
8825|0.5
8827|0.5
8837|0.475495
8849|0.317419
8853|0.113914
8855|0
8885|0.448081
8889|0.507973
8891|0.52926
8900|0.49005
8901|0.500437
8903|0.519702
8906|1
8907|0.543241
8908|1
8910|0.500388
8912|0.505
8915|0.491575
8916|0.50995
8917|0.500306
8921|0.5
8925|0.5
8927|0.5
8928|0.50995
8929|0.5
8931|0.48515
8933|0.519702
8935|0.505
8939|0.500269
8943|0.505523
8945|0.538628
8954|0.50536
8955|0.466271
8957|0.51485
8960|0.480346
8961|0.51485
8962|0.5
8964|0.505
8965|0.5
8967|0.5
8969|0.50995
8971|0.505
8973|0.5
8975|0.5
8978|0.5
8979|0.5
8980|0.495
8983|0.5
8985|0.5
8986|0.5
8999|0.495
9011|0.5
9015|0.47093
9017|0
9047|0.5
9051|0.5
9053|0.5
9062|1
9063|0.5
9065|0.5
9068|0.5
9069|0.505
9070|0.50005
9134|0.495
9146|0.37736
9150|0.49005
9152|0
9155|0.500342
9159|0.5
9161|0.50995
9170|1
9171|0.5
9173|0.505
9176|0.480298
9177|0.5
9178|0.354615
9188|0.277034
9200|0.287677
9204|0.48515
9206|0
9207|0.5
9209|0.505
9212|0.5
9213|0.5
9214|0.5
9218|1
9222|1
9225|0.5
9226|0.5
9228|0.5
9230|0.5
9232|0.50995
9234|0.500099
9236|0.505
9239|0.50005
9240|0.50995
9241|0.5
9245|0.5
9249|0.5001
9251|0.505
9252|0.505
9253|0.507276
9255|0.5
9257|0.5
9259|0.533967
9263|0.500693
9267|0.501988
9269|0.51485
9278|0.500371
9279|0.527445
9281|0.569971
9284|0.5
9285|0.561239
9286|0.5001
9288|0.505
9289|0.5
9291|0.5
9293|0.5
9295|0.5
9297|0.5
9299|0.5
9302|0.5
9303|0.5
9304|0.49005
9307|0.543241
9309|0.5
9310|0.5
9317|0.5
9321|0.500247
9323|0.50995
9332|0.5
9333|0.500441
9335|0.51485
9338|1
9339|0.50995
9340|1
9350|0.0257185
9362|0.0385708
9366|0.124048
9368|0
9369|0.500296
9371|0.50995
9374|1
9375|0.543241
9376|1
9380|0.5
9384|0.500149
9386|0.505
9387|0.50995
9388|1
9390|1
9396|0.50995
9397|0.5
9399|0.495
9401|0.524505
9403|0.51485
9405|0.5
9407|0.5
9410|0.461372
9411|0.505
9412|0.495
9415|0.543241
9417|0.5
9418|0.5
9423|0.500289
9425|0.50995
9428|0.5
9429|0.552331
9430|0.5
9434|0.5
9438|0.501569
9440|0.582743
9441|0.574271
9442|0.49005
9444|0.5
9446|0.505
9448|0.505
9451|0
9453|0
9459|0
9464|0
9466|0
9472|0
9485|1
9497|1
9501|1
9533|1
9537|1
9548|1
9549|1
9554|1
9556|1
9620|1
9632|1
9636|1
9641|1
9645|1
9656|1
9657|1
9662|1
9664|1
9674|1
9686|1
9690|1
9693|1
9698|1
9700|1
9704|1
9708|1
9712|1
9714|1
9782|1
9794|1
9798|1
9890|1
9902|1
9906|1
9938|1
9942|1
9953|1
9954|1
9959|1
9961|1
9965|1
9969|1
9980|1
9981|1
9986|1
9988|1
9998|1
10010|1
10014|1
10017|1
10022|1
10024|1
10028|1
10032|1
10036|1
10038|1
10052|1
10064|1
10068|1
10100|1
10104|1
10115|1
10116|1
10121|1
10123|1
10125|1
10130|1
10132|1
10136|1
10140|1
10144|1
10146|1
10154|1
10158|1
10169|1
10170|1
10175|1
10177|1
10206|0.499998
10208|0.49995
10211|0.490099
10212|0.500566
10213|0.5
10217|0.5
10221|0.50005
10223|0.5
10224|0.501542
10225|0.49005
10227|0.5
10229|0.5
10231|0.5
10235|0.500233
10239|0.502005
10241|0.50003
10250|0.501001
10251|0.275914
10253|0.5
10256|0.5
10257|0.499655
10258|0.475495
10260|0.499854
10261|0.499995
10263|0.495
10265|0
10267|0.5
10269|0.495
10271|0
10275|0.5
10276|0.500149
10279|0.5
10281|0.5
10282|0.5
10289|0.475495
10293|0.500115
10295|0.498425
10304|0.466033
10305|0.511583
10307|0.556808
10310|1
10311|0.552331
10312|1
10322|0.466514
10334|0.418348
10338|0.399384
10340|0
10341|0.48515
10343|0
10347|0.547809
10348|1
10356|0.495
10358|0
10359|0.552331
10360|1
10362|1
10368|0.500026
10369|0.495
10371|0.48515
10373|0.460944
10375|0.500025
10377|0.50016
10379|0.50995
10382|0.35686
10383|0.505
10384|0.500104
10387|0
10389|0
10395|0.052777
10397|0.50218
10400|0.366152
10401|0.504577
10402|0.245908
10406|0.509447
10410|0.505765
10412|0.668859
10413|0
10418|0
10420|0
10423|0.499753
10425|0.5
10426|0.49005
10431|0.505
10432|0.48515
10434|0.5
10436|0
10438|0.50995
10444|0
10451|0.5
10455|0.5001
10457|0.505
10466|1
10467|0.475495
10469|0.5
10472|0.495
10473|0.5
10474|0.5
10484|0.480541
10496|0.475495
10500|0.48515
10502|0
10503|0.495
10505|0
10509|0.505
10510|0.5
10518|1
10521|0.5
10522|0.5
10524|0.5
10526|0
10528|0.505
10538|0.47074
10550|0.480298
10554|0.495
10556|0
10590|0.495
10592|0
10602|0.480298
10604|0
10608|0.5
10609|1
10611|0.495
10613|0.505
10616|0.36985
10617|0.5
10618|0.5
10622|1
10626|1
10629|0
10634|0
10636|0
10640|0.447669
10644|0.417928
10646|0.519702
10655|1
10658|0
10662|0
10665|0.5
10666|0.495
10668|0.5
10670|0
10672|0.5
10674|1
10681|1
10684|0
10686|0
10692|0.5
10693|0.50005
10695|0.50005
10697|0.505
10699|0.5
10701|0.5
10703|0.5
10706|0.495
10707|0.5
10708|0.5
10711|0.543241
10713|0.5
10714|0.5
10719|0.499987
10721|0.500001
10724|0.50005
10725|0.504759
10726|0.5
10730|0.5
10734|0.5
10736|0.5
10737|0.57416
10738|0.475495
10740|0.480298
10742|0.505
10744|0.505
10747|0.505
10749|0.505
10750|0.5
10755|0.5
10756|0.5
10758|0.5
10760|0
10762|0.50995
10768|0.5
10773|0.5
10775|0.5
10778|1
10779|0.505
10780|1
10784|0.495
10788|0.5
10790|0.5
10791|0.552331
10792|1
10794|1
10802|0.500039
10806|0.513892
10808|0.5
10817|0.5
10818|0.838275
10820|0.9776
10823|1
10824|0.947894
10825|1
10827|0.50995
10828|1
10830|1
10836|0.5
10838|0
10842|0.505
10843|1
10849|1
10855|0.5
10857|0.5
10858|0.5
10863|0.499912
10864|0.495
10866|0.495
10868|0.5
10870|0.5
10876|0
10881|0.499984
10882|0.443192
10884|0.452191
10886|0.5
10888|0.5
10890|0.5
10892|0.5
10895|0.5
10896|0.5
10897|0.5
10900|0
10902|0
10912|0
10918|0
10920|0
10935|0.501423
10936|0.499999
10938|0.5
10940|0.5
10942|0.50995
10944|0.50005
10946|0.5
10949|0.5
10950|0.51485
10951|0.49005
10954|0.5
10956|0.5
10957|0.5
10962|0.506482
10964|0.500001
10967|0.5
10968|0.516772
10969|0.49005
10973|0.5
10977|0.49005
10979|0.51485
10980|0.501599
10981|0.5001
10983|0.5
10985|0.501044
10987|0.586916
10990|0.505
10992|0.5
10993|0.5
10998|0.505
10999|0.5
11001|0.5
11003|0.5
11005|0.543241
11011|0.5
11016|0.500645
11018|0.500488
11021|0.5037
11022|0.50995
11023|1
11027|0.5
11031|0.5
11033|0.614978
11034|0.648276
11035|1
11037|0.536375
11039|0.526259
11045|0.500093
11049|0.567412
11051|0.668859
11060|0.50817
11061|0.573905
11063|0.691355
11066|0.521359
11067|0.681907
11068|1
11070|0.51485
11071|1
11073|0.499999
11075|0.499901
11079|0.5
11081|0.5
11084|0.495
11085|0.5
11086|1
11091|0.694441
11092|1
11098|0.49995
11100|0.500004
11101|0.5
11106|0.505
11107|0.5
11109|0.50005
11111|0.505
11113|0
11119|0.5
11124|0.500506
11125|0.476038
11127|0.500658
11129|0.500004
11131|0
11133|0.461709
11135|0.51485
11138|0.5
11139|0
11143|0.505
11145|0.501054
11146|0.434373
11155|0.5
11161|0.5
11163|0.5
11164|1
11178|0.500189
11180|0.505
11183|0.5
11184|0.50995
11185|0.5
11189|1
11193|1
11196|0.500005
11197|0.499999
11199|0.5
11201|0.5
11203|0.519702
11207|0.5
11211|0.495
11213|0.5
11222|1
11223|0.499998
11225|0.5
11228|0.500238
11229|0.5
11230|0.49005
11232|0.505
11233|0.5
11235|0.5
11237|0.5
11239|0.5
11241|1
11246|1
11248|1
11251|0.50995
11253|0.5
11254|0.5
11261|0.5
11265|0.5
11267|0.5
11276|1
11277|0.500344
11279|0.50995
11282|0.500871
11283|0.505
11284|1
11294|1
11306|1
11310|1
11313|0.5
11315|0.5
11318|0.495
11319|0.5
11320|1
11324|1
11328|1
11331|0.51485
11332|1
11334|0.5
11336|0.5
11340|0.505
11341|0.495
11343|0.5
11345|0.5
11347|0
11349|1
11354|1
11359|0.49995
11361|0.5
11362|0.495
11367|0.466079
11369|0.524505
11372|0.500428
11373|0
11378|1
11385|0.499802
11386|0.49005
11388|0.443192
11390|0.5
11392|0
11395|0.5
11397|0.5
11398|0.5
11404|1
11406|1
11416|0.5
11422|0.5
11424|0.5
11425|0.5
11430|0.5
11431|0.5
11433|0.5
11435|0.5
11437|0.5
11443|0.5
11448|0.500273
11449|0.5
11451|0.5
11453|0.5
11455|0.599185
11457|0.5
11459|0.5
11462|0.5
11463|0.5
11464|0.49005
11467|0.505
11469|0.5
11470|0.5
11479|0.5
11485|0.5
11487|0.5
11488|1
11502|0.543241
11503|1
11505|0.500048
11507|0.5
11511|0.50005
11513|0.505
11516|0.5
11517|0.595136
11518|1
11523|0.691355
11524|1
11529|0.513832
11531|0.501565
11534|0.5
11535|0.916433
11536|1
11540|0.5
11544|0.504136
11546|0.981118
11547|1
11548|1
11550|0.529495
11552|0.5
11559|0.505
11560|1
11565|0.505
11566|1
11568|0.5
11570|0.5
11587|0.5
11593|0.5
11595|0.505
11596|1
11611|0.5
11613|0.500837
11614|0.500884
11619|0.500125
11620|0.5
11622|0.509008
11624|0.5
11626|0
11632|0.50995
11664|0.5
11666|0.500102
11669|0.5
11670|0.503885
11671|0.5
11675|0.501694
11679|0.49005
11681|0.519702
11682|0.500164
11683|0.5
11685|0.5
11687|0.5
11689|0.5
11693|0.500009
11697|0.480298
11699|0.5
11708|0.495
11709|0.500989
11711|0.5
11714|0.5
11715|0.505
11716|1
11718|0.500001
11719|0.5
11721|0.5
11723|0.500003
11725|0.5
11727|0.5001
11729|0.519702
11732|0.500198
11733|0.505
11734|0.495
11737|0.5
11739|0.5
11740|0.5
11747|0.500912
11751|0.519285
11753|0.574271
11762|1
11763|0.500049
11765|0.5
11768|0.5
11769|0.561239
11770|1
11780|0.414845
11792|0.435029
11796|0.48515
11798|0
11799|0.5
11801|0.595136
11804|0.5
11805|0.569971
11806|1
11810|1
11814|1
11817|0.51485
11818|1
11820|0.5
11822|0.5
11826|0.499878
11827|0.480298
11829|0.499999
11831|0.500086
11833|0
11835|0.495
11837|0.519702
11840|0.5
11841|0
11845|0.5
11847|0.500002
11848|0.5
11853|0.466033
11855|0.5
11858|0.5
11859|0
11864|0.162041
11870|0
11871|0.76706
11872|1
11874|0.501327
11876|0.5
11881|0.5
11883|0.500083
11884|0.49005
11889|0.505
11890|0.495
11892|0.485447
11894|0.51485
11896|0
11902|0.5
11909|0.5
11913|0.49005
11915|0.5
11924|1
11925|0.5
11927|0.5
11930|0.5
11931|0.5
11932|0.5
11942|0.5
11954|0.5
11958|0.5
11960|0
11961|0.5
11963|0.5
11966|0.5
11967|0.5
11968|0.5
11972|1
11976|1
11979|0.5
11980|0.5
11982|0.5
11984|0.5
11986|0.505
11996|0.495
12008|0.5
12012|0.495
12014|0
12044|0.50005
12048|0.5
12050|0.50995
12059|1
12060|0.5
12062|0.5
12065|0.5
12066|0.5
12067|1
12069|0.490149
12071|0.505
12074|0.500253
12075|0
12080|1
12087|0.5
12088|0.49005
12090|0.5
12092|0.5
12094|0
12098|0.167146
12104|0
12114|0.466033
12116|0.5
12119|0.5
12120|0
12123|0.5
12124|0.480298
12126|0.50042
12128|0.533967
12130|0
12132|1
12137|1
12142|0.5
12144|0.5
12145|0.5
12150|0.500002
12151|0.5
12153|0.5
12155|0.5
12157|0.5
12159|0.50005
12161|0.51485
12164|0.5
12165|0.505
12166|0.5
12169|0.5
12171|0.5
12172|0.5
12177|0.500071
12179|0.500729
12182|0.5
12183|0.599185
12184|1
12188|0.50005
12192|0.49005
12194|0.50995
12195|0.50995
12196|1
12198|0.5
12200|0.5
12205|0.5
12207|0.5
12208|0.5
12213|0.505
12214|0.5
12216|0.5
12218|0.50995
12220|0.5
12226|0.5
12231|0.50005
12233|0.533967
12236|0.5
12237|0.569971
12238|1
12242|1
12246|1
12249|0.745007
12250|1
12252|0.500045
12254|0.5
12260|0.505303
12264|0.517241
12266|0.644723
12275|1
12276|0.507048
12278|0.5
12281|0.5
12282|0.648276
12283|1
12285|0.505
12286|1
12288|0.5
12290|0.5
12294|1
12299|1
12301|1
12306|0.50995
12307|1
12313|0.5
12315|0.49995
12316|0.5
12321|0.5
12322|0.5
12324|0.495
12326|0.5
12328|0
12334|0.5
12339|0.524505
12340|1
12342|0.5
12344|0.5
12348|0.5
12350|0.5
12353|0.5
12354|0
12360|0.552331
12361|1
12370|0
12376|0
12378|0
12394|0.505
12396|0.500154
12397|0.5
12402|0.5
12403|0.5
12405|0.5
12407|0.5
12409|0.505
12415|0.5
12420|0.971889
12421|0.100147
12423|0.511483
12425|0.516924
12427|0.63751
12429|0.982594
12431|0.973955
12434|0.526689
12435|0.987744
12436|0.440519
12439|0.651793
12441|0.50245
12442|0.485676
12451|0.50995
12457|0.5
12459|0.5
12460|1
12474|0.51485
12475|1
12477|0.507742
12479|0.510646
12483|0.537968
12485|0.599185
12488|0.466033
12489|0.599185
12490|1
12495|0.73983
12496|1
12501|0.545586
12503|0.633848
12506|0.512241
12507|0.989136
12508|1
12512|0.5
12516|0.513664
12518|0.618829
12519|0.995377
12520|1
12522|0.561593
12524|0.968475
12531|0.524505
12532|1
12537|0.603193
12538|1
12540|0.49005
12542|0
12559|0.5
12565|0.552331
12567|0.5
12568|1
12583|0.0555984
12585|0.600354
12586|0.0391673
12591|1
12592|0.0580452
12594|0.871253
12596|0.993361
12598|0
12604|0
12636|0.51485
12637|0.501186
12639|0.500099
12641|0.505
12643|0.50995
12645|1
12650|1
12652|1
12655|0.51485
12657|0.500003
12658|0.5
12663|0.522639
12665|0.726422
12668|0.502175
12669|0.599185
12670|0.485248
12674|1
12678|1
12681|0.595136
12682|0.495
12684|0.480298
12686|0.538628
12688|0.505
12691|0.51485
12693|0.505
12694|0.5
12700|1
12702|1
12712|0.5
12717|0.50005
12719|0.505
12722|0.461464
12723|0.5
12724|1
12728|1
12732|1
12735|0.607161
12736|1
12738|0.500442
12740|0.552331
12746|1
12750|1
12761|1
12762|1
12767|1
12769|1
12771|0.5
12772|1
12774|0.5
12776|0
12780|1
12787|1
12792|0.51485
12793|1
12799|0.51485
12801|0.5
12802|0.5
12808|1
12810|1
12820|0
12825|0.737202
12826|0.0331492
12828|0.379903
12830|0.543241
12832|0
12834|1
12839|1
12844|0
12846|0
12856|0.5
12865|1
12883|0.5
12889|0.5
12891|0.5
12892|1
12907|0.651793
12909|0.514195
12910|0.502768
12915|0.98282
12916|0.995212
12918|0.513762
12920|0.5
12922|0.999016
12928|0.547809
12963|0.50995
12964|1
12969|0.595136
12970|1
12972|0.5
12974|0.5
12987|0.63015
12988|1
12990|0.515163
12992|0.5
12996|0.505377
12998|0.5
13001|0.5
13002|0.633848
13003|1
13008|0.999374
13009|1
13026|0.5
13027|1
13072|0.599185
13078|1
13080|1
13081|1
13123|0.503248
13125|0.50112
13126|0.5
13131|0.564139
13132|0.500818
13134|0.505405
13136|0.515643
13138|0.50352
13144|0.5
13149|0.966539
13150|0.500955
13152|0.499822
13154|0.49993
13156|0.547809
13158|0.507863
13160|0.500066
13163|0.49005
13164|0.500046
13165|0.5
13168|0.569971
13170|0.500004
13171|0.49005
13180|0.5
13186|0.505
13188|0.50995
13189|1
13203|0.563766
13204|0.519455
13206|0.500372
13208|0.50995
13210|0.503809
13212|0.563729
13214|0.829417
13217|0.549151
13218|0.848798
13219|0.5
13222|0.535646
13224|0.668859
13225|0.326522
13230|0.51927
13232|0.73983
13235|0.500576
13236|0.995138
13237|0.528063
13241|0.502826
13245|0.504944
13247|0.543241
13248|1
13249|0.194188
13251|0.284526
13253|0.648276
13255|0.685088
13258|0.506291
13260|0.519702
13261|0.50005
13266|0.84727
13267|0.533166
13269|0.500295
13271|0.611089
13273|0.599185
13279|0.51485
13288|0.505
13294|0.505
13296|0.52926
13297|1
13312|0.547809
13314|0.500011
13315|0.500341
13320|0.499951
13321|0.5001
13323|0.495
13325|0
13327|0.505
13333|0.50995
13365|0.500397
13366|0.499999
13368|0.5
13370|0.5
13372|0.5
13374|0.500517
13376|0.509311
13379|0.466053
13380|0.50009
13381|0.499999
13384|0.50114
13386|0.500003
13387|0.499999
13392|0.500182
13394|0.524505
13397|0.495
13398|0.533967
13399|0.5
13403|0.490198
13407|0.500134
13409|0.51485
13410|0.52926
13411|0.500149
13413|0.50008
13415|0.505
13417|0.538628
13420|0.500001
13422|0.500002
13423|0.5
13428|0.500096
13429|0.500134
13431|0.500029
13433|0.4962
13435|0.5
13441|0.5
13446|0.501362
13448|0.51485
13451|0.5
13452|0.519702
13453|0.50005
13457|0.535746
13461|0.50239
13463|0.599185
13464|0.685088
13465|0.53799
13467|0.500198
13469|0.505
13471|0.712323
13475|1
13479|1
13490|1
13491|1
13496|1
13498|1
13500|0.500511
13501|0.500008
13503|0.500096
13505|0.505
13507|0.5
13509|0.500706
13511|0.603193
13514|0.466033
13515|0.533967
13516|0.5
13519|0.52546
13521|0.52926
13522|0.528859
13528|0.500001
13530|0.5
13531|0.5
13536|0.504448
13537|0.50393
13539|0.392839
13541|0
13543|0.5
13549|0.5
13554|0.499505
13555|0.495984
13557|0.48515
13559|0
13561|0.5
13563|0.410138
13565|0
13569|0.496357
13570|0.378901
13573|0.51485
13575|0.499462
13576|0.48515
13585|0.5
13591|0.582743
13593|0.51485
13594|1
13612|0.50995
13618|0.51485
13620|0.519702
13621|1
13636|0.524505
13638|0.500001
13639|0.5
13644|0.500364
13645|0.5
13647|0.50005
13649|0.500005
13651|0.5
13657|0
13690|0.925058
13692|0.524505
13693|0.406413
13698|0.832812
13699|0.941692
13701|0.500149
13703|0.618829
13705|0.946836
13711|0
13716|0.51862
13717|0.334667
13719|0.443192
13721|0.50995
13723|1
13725|0.520205
13727|0.569971
13730|0.500441
13731|0.611089
13732|0.502472
13735|0
13737|0
13747|0.5
13753|0.950448
13755|0.50995
13756|1
13801|0.505
13807|0.505
13809|0.505
13810|1
13851|0.681452
13852|0.50005
13854|0.5
13856|0.5
13858|0.505
13860|0.50074
13862|0.50995
13865|0.48515
13866|0.505
13867|0.518766
13870|0.5
13872|0.5
13873|0.5
13878|0.973814
13880|0.986302
13883|0.394176
13884|0.922889
13885|1
13889|0.37755
13893|0.5001
13895|0.519702
13896|0.944655
13897|1
13899|0.49005
13901|0.49995
13906|0.5
13908|0.5
13909|0.5
13914|0.505
13915|0.5
13917|0.50005
13919|0.50995
13921|0.574271
13927|0.5
13932|0.500656
13934|0.505
13937|0.50005
13938|0.533967
13939|0.5
13943|1
13947|1
13950|0.500206
13951|0.313904
13953|0.5
13955|0.694441
13957|0.67217
13961|0.990566
13965|0.508034
13967|0.978046
13976|1
13977|0.290263
13979|0.998238
13982|0.380201
13983|0.552331
13984|1
13986|0.51485
13987|0.50005
13989|0.50005
13991|0.5
13993|0.505
13995|1
14000|1
14002|1
14005|0.5
14007|0.505
14008|0.5
14014|0.50995
14016|0.5
14017|0.50005
14022|0.503545
14023|0.51876
14025|0.4902
14027|0
14029|0.574271
14035|0.5
14040|0.965491
14041|1
14043|0.470933
14045|0
14049|0.462042
14051|0
14055|0.50995
14056|1
14061|0.519702
14062|1
14071|0.5
14077|0.561239
14079|0.505
14080|1
14094|0.5
14096|0.5
14099|0.5
14100|0.5
14101|0.5
14105|0.49005
14109|0.499999
14111|0.5
14112|0.500002
14113|0.50028
14115|0.5
14117|0.500007
14119|0.51485
14123|0.34212
14127|0.50005
14129|0.5
14138|0.5
14139|0.501386
14141|0.533967
14144|0.480298
14145|0.519702
14146|1
14148|0.5
14149|0.5
14151|0.5
14153|0.5
14155|0.5
14157|0.500099
14159|0.5
14162|0.466033
14163|0.5
14164|0.5
14167|0.5
14169|0.5
14170|0.5
14177|0.5
14181|0.5
14183|0.5
14192|1
14193|0.500587
14195|0.50995
14198|0.500967
14199|0.519702
14200|0.5
14210|1
14222|1
14226|1
14229|0.50005
14231|0.505
14234|0.50005
14235|0.519702
14236|0.5
14240|1
14244|1
14247|0.500038
14248|0.5
14250|0.500039
14252|0.543241
14254|0.5
14256|0.499959
14257|0.500098
14259|0.495
14261|0
14263|0.505
14265|0.408953
14267|0
14271|0.49995
14272|0.351724
14275|0.694441
14277|0.5
14278|0.5
14283|0.475543
14285|0
14289|0.505
14290|1
14298|0.461372
14300|0
14301|0.51485
14302|1
14304|0.48515
14306|0
14311|0.5
14313|0.5
14314|0.5
14319|0.499971
14320|0.500048
14322|0.48515
14324|0
14326|0.5
14332|0.5
14338|0.505
14340|0.5
14341|0.5
14346|0.505
14347|0.5
14349|0.5
14351|0.5
14353|0.569971
14359|0
14364|0.941215
14365|1
14367|0.480298
14369|0.499753
14373|0.500537
14375|0.694441
14378|0.475495
14379|0.51485
14380|1
14385|0
14395|0.5
14401|0.5
14403|0.505
14404|1
14418|0.591047
14419|0.448173
14421|0.5
14423|0.505
14425|0.505
14427|1
14432|1
14434|1
14437|0
14439|0
14445|0.440498
14447|0.985892
14450|0.435282
14451|0.691355
14452|1
14456|1
14460|1
14463|0
14468|0
14473|0.50995
14475|0.505
14476|0.5
14482|1
14484|1
14494|0
14503|0.505
14509|0.574271
14511|0.5
14512|1
14529|0.5
14530|1
14535|0.51485
14536|1
14538|0.5
14540|0
14584|0.519702
14590|0.505
14592|0.51485
14593|1
14608|0.500228
14610|0.489169
14611|0.466033
14616|0.514679
14617|0.345382
14619|0.315498
14621|0.499655
14623|0.499951
14629|0.5
14662|0.541323
14664|0.52926
14665|0.208128
14670|0.550294
14671|0.0924008
14673|0.187691
14675|0.614978
14677|0.5
14683|0.633848
14688|0.955634
14689|0.208705
14691|0.456759
14693|0.519702
14695|0.720867
14697|0.114716
14699|0.547809
14702|0.49005
14703|0.561239
14704|0.49005
14707|0.782884
14709|0.729157
14710|0.456759
14719|0.50995
14725|0.599185
14727|0.50995
14728|1
14773|0.50995
14779|0.552331
14781|0.887026
14782|1
14824|0.499964
14826|0.499951
14827|0.48515
14832|0.499854
14833|0.49005
14835|0.495
14837|0.5
14839|0.499969
14845|0.49995
14850|0.685088
14851|0.480298
14853|0.466033
14855|0.505
14857|0.5
14859|0.345807
14861|0.524505
14864|0.48515
14865|0.52926
14866|0.485199
14869|0.50995
14871|0.505
14872|0.495
14881|0.5
14887|0.50995
14889|0.505
14890|1
14904|0.519702
14905|0.220261
14907|0.495
14909|0.5
14911|0.519702
14913|0.170457
14915|0.611089
14918|0.49005
14919|0.538628
14920|0.466033
14923|0.726422
14925|0.505
14926|0.495
14931|1
14936|1
14938|1
14942|1
14946|1
14950|1
14952|1
14959|0.501441
14961|0.505
14962|0.456759
14967|0.493771
14968|0.443192
14970|0.438761
14972|0
14974|0.5
14980|0.947894
14989|0.5
14995|0.595136
14997|0.569971
14998|1
15013|0.472358
15015|0.495947
15016|0.37736
15021|0.0214492
15022|0.0185758
15024|0.0139669
15026|0
15028|0.5
15034|0
15097|0.5
15103|0.51485
15105|0.51485
15106|1
15151|0.51485
15157|0.967835
15159|0.524505
15160|1
15175|0.243295
15177|0.979122
15178|0.151202
15183|0.515435
15184|0.136461
15186|0.29989
15188|0.538628
15190|0.5
15196|0
15309|0.500569
15310|0.5
15312|0.499999
15314|0.50995
15316|0.500001
15318|0.500006
15320|0.5
15323|0.475495
15324|0.500003
15325|0.5
15328|0.499955
15330|0.505
15331|0.49005
15336|0.501335
15338|0.500008
15341|0.5
15342|0.500002
15343|0.50005
15347|0.5
15351|0.5
15353|0.500038
15354|0.499772
15355|0.495
15357|0.49005
15359|0.5
15361|0.524505
15364|0.5
15366|0.5
15367|0.5
15372|0.500001
15373|0.5
15375|0.5
15377|0.5
15379|0.5
15385|0.5
15390|0.502701
15392|0.51485
15395|1
15396|0.50102
15397|0.50542
15401|0.500197
15405|0.500296
15407|0.51485
15408|0.892563
15409|0.288887
15411|1
15415|0.522701
15419|0.501381
15423|0.500357
15425|0.51485
15434|0.503298
15435|0.291243
15437|0.51485
15440|1
15441|0.538628
15442|0.0848651
15444|0.949441
15445|0.500047
15447|1
15451|0.5
15453|0.500916
15455|0.519702
15458|1
15459|0.51485
15460|0.5
15463|0.50995
15466|1
15472|0.5
15474|0.499952
15475|0.500049
15480|0.500104
15481|0.500385
15483|0.480298
15485|0
15487|0.500322
15493|0.49995
15498|0.499874
15499|0.500307
15501|0.495
15503|0
15505|0.505
15507|0.49005
15509|0
15513|0.500574
15514|0.500985
15517|0.5
15519|0.5
15520|0.495
15529|0.5
15535|0.505
15537|0.5
15538|1
15552|0.5
15554|0.5
15557|0.5
15558|0.5
15559|0.5
15563|0.48515
15567|0.5
15569|0.5
15570|0.500009
15571|0.499991
15573|0.5
15575|0.5
15577|0.506138
15581|0.5
15585|0.499999
15587|0.5
15596|0.495
15597|0.498856
15599|0.505
15602|0.5
15603|0.505
15604|0.5
15606|0.5
15607|0.5
15609|0.5
15611|0.5
15613|0.5
15615|0.499998
15617|0.499901
15620|0.466033
15621|0.5
15622|0.5
15625|0.5
15627|0.5
15628|0.5
15635|0.5
15639|0.5
15641|0.5
15650|0.5
15651|0.501434
15653|0.524505
15656|1
15657|0.52926
15658|0.533085
15668|1
15680|1
15684|1
15687|0.500883
15689|0.50995
15692|1
15693|0.500142
15694|0.5
15698|0.48515
15702|0.500039
15704|0.505
15705|0.533967
15706|0.502314
15708|1
15712|0.5
15714|0.5
15715|0.5
15717|0.495
15719|0
15721|0.5
15723|0.398873
15725|0
15729|0.5
15730|0.5
15733|0.49996
15735|0.5
15736|0.495
15741|0.495
15743|0
15747|0.499953
15748|0.500049
15756|0.457141
15758|0
15759|0.490231
15760|0.438761
15762|0.438761
15764|0
15766|0.505
15769|0.5
15771|0.5
15772|0.5
15777|0.499952
15778|0.5
15780|0.495
15782|0
15784|0.5
15790|0.5
15796|0.5
15798|0.5
15799|0.5
15804|0.5
15805|0.5
15807|0.5
15809|0.5
15811|0.5
15817|0
15822|0.5
15823|0.5
15825|0.5
15827|0.5
15829|0.505
15831|0.499999
15833|0.5
15836|0.5
15837|0.5
15838|0.5
15841|0
15843|0
15853|0.5
15859|0.5
15861|0.5
15862|1
15876|0.52926
15877|0.40029
15879|1
15883|0.500008
15885|0.500442
15887|0.519702
15890|1
15891|0.533967
15892|0.500182
15895|0
15903|0.414126
15905|0.831123
15908|1
15909|0.500014
15910|0.224254
15914|0.511119
15918|0.500031
15920|0.93301
15921|0
15928|0
15931|0.519702
15934|1
15939|0.519702
15940|0.50254
15942|1
15946|0.533967
15961|0.505
15967|0.505
15969|0.5
15970|1
15985|0.50995
15987|0.5
15988|0.5
15993|0.499965
15994|0.500951
15996|0.495
15998|0
16000|0.552331
16006|0
16038|0.499998
16040|0.500003
16043|0.5
16044|0.500025
16045|0.5
16049|0.5
16053|0.5
16055|0.5
16056|0.499871
16057|0.48515
16059|0.495
16061|0.5
16063|0.5
16067|0.384858
16071|0.499996
16073|0.499802
16082|0.48515
16083|0.466372
16085|0.499656
16088|0.49005
16089|0.505
16090|1
16092|0.5
16093|0.5
16095|0.5
16097|0.5
16099|0.5
16101|0.499999
16103|0.5
16106|0.5
16107|0.5
16108|0.5
16111|0.5
16113|0.5
16114|0.5
16121|0.500198
16125|0.502361
16127|0.50995
16136|1
16137|0.481523
16139|0.51485
16142|1
16143|0.482279
16144|0.0571453
16154|0.425729
16166|0.37736
16170|0.404864
16172|0
16173|0.500823
16175|0.538628
16178|1
16179|0.99429
16180|0.5
16184|1
16188|1
16191|0.633848
16192|0.49005
16194|1
16198|0.5
16200|0.499939
16201|0.500026
16203|0.48515
16205|0
16207|0.505
16209|0.466033
16211|0
16215|0.5
16216|0.5
16219|0.5
16221|0.485074
16222|0.426132
16227|0.430029
16229|0
16233|0.51485
16234|1
16242|0.438761
16244|0
16245|0.51485
16246|1
16248|0.430029
16250|0
16255|0.499938
16257|0.5
16258|0.480298
16263|0.49995
16264|0.48515
16266|0.495
16268|0
16270|0.5
16276|0.5
16283|0.5
16287|0.5
16289|0.5
16298|0.5
16299|0.499998
16301|0.5
16304|0.5
16305|0.499952
16306|0.5
16316|0.495
16328|0.49005
16332|0.495
16334|0
16335|0.5
16337|0.5
16340|0.5
16341|0.5
16342|0.5
16346|0.495
16350|0.50005
16352|0.505
16353|0.500003
16354|0.5
16356|0.50005
16358|0.505
16360|0.5
16370|0.5
16382|0.495
16386|0.405116
16388|0
16418|0.50005
16422|0.50047
16424|0.524505
16433|1
16434|0.500261
16436|0.51485
16439|1
16440|0.5
16441|0.5
16443|0.49005
16445|0
16449|0.5
16450|0.5
16458|0.495
16460|0
16461|0.500101
16462|0.501244
16464|0.426179
16466|0
16468|0.543241
16476|0.5
16478|0
16488|0.438761
16490|0
16494|0.5
16495|1
16497|0.5
16498|0.5
16500|0.5
16502|0
16504|0.5
16506|0.495
16508|0
16512|0.5
16513|0.5
16516|0.5
16518|0.5
16519|0.5
16524|0.499957
16525|0.49005
16527|0.495
16529|0.5
16531|0.5
16533|0.499823
16535|0.50995
16538|0.5
16539|0.50995
16540|0.5
16543|0
16545|0
16551|0.48522
16553|0.48412
16556|0.417257
16557|0.505
16558|1
16562|0.417604
16566|0.5
16568|0.519702
16569|0
16574|0
16579|0.5
16581|0.5
16582|0.5
16587|0.505
16588|0.5
16590|0.495
16592|0.5
16594|0.5
16600|0
16605|0.495
16607|0.505
16610|1
16611|0.519702
16612|0.5
16616|1
16620|1
16623|0
16630|0
16634|0.413951
16638|0.47074
16640|0.538628
16649|1
16652|0
16656|0
16659|0.538628
16660|0.5
16662|1
16666|0.52926
16668|1
16673|1
16675|1
16678|0
16687|0.505
16689|0.5
16690|0.5
16695|0.494686
16696|0.456759
16698|0.456759
16700|0
16702|0.5
16708|0
16713|0.519702
16714|1
16716|0.5
16718|0
16722|0.456759
16724|0
16728|0.538628
16729|1
16734|0
16744|0
16750|0
16752|0
16768|0.503426
16770|0.505
16771|0.5001
16776|0.500014
16777|0.5
16779|0.50005
16781|0.5
16783|0.5
16789|0.505
16794|0.505487
16795|0.501526
16797|0.465733
16799|0.51485
16801|0.500069
16803|0.512881
16805|0.507956
16808|0.49005
16809|0.503745
16810|0.5
16813|0.49995
16815|0.524505
16816|0.495
16825|0.5
16831|0.5
16833|0.5
16834|1
16848|0.524505
16849|0.54172
16851|1
16855|0.520446
16857|0.550411
16859|0.885885
16862|1
16863|0.528744
16864|0.5
16867|0.82242
16870|1
16875|0.502894
16877|0.599185
16880|1
16881|0.543241
16882|0.508854
16886|0.554136
16890|0.523688
16892|0.967511
16893|0.662135
16894|0.48515
16896|1
16900|0.757504
16903|0.764707
16906|1
16911|0.882392
16912|0.5
16914|1
16918|0.5
16933|0.505
16939|0.51485
16941|0.505
16942|1
16957|0.506283
16959|0.399688
16960|0.271371
16965|0.513742
16966|0.514234
16968|0.152312
16970|0
16972|0.5
16978|0
17010|0.500001
17011|0.500007
17013|0.5001
17015|0.505
17017|0.50039
17019|0.5
17021|0.5
17024|0.5
17025|0.500008
17026|0.5
17029|0.500158
17031|0.5
17032|0.495
17037|0.499986
17039|0.5
17042|0.495
17043|0.505
17044|0.5
17048|0.495
17052|0.500098
17054|0.50995
17055|0.505
17056|0.5
17058|0.495
17060|0.5
17062|0.5
17065|0.500082
17067|0.505
17068|0.50005
17073|0.49995
17074|0.5
17076|0.495
17078|0
17080|0.5
17086|0.505
17091|0.50005
17093|0.505
17096|1
17097|0.5
17098|0.524816
17102|0.475495
17106|0.502163
17108|0.552331
17109|0.524505
17110|0.507125
17112|1
17116|0.995603
17120|1
17124|1
17135|1
17136|1
17141|1
17143|1
17145|0.524505
17146|0.504327
17148|1
17152|0.5
17154|0.434373
17156|0
17160|0.5
17161|0.5
17164|0.607161
17167|1
17173|0.500012
17175|0.5
17176|0.495
17181|0.500001
17182|0.500086
17184|0.5
17186|0
17188|0.5
17194|0
17199|0.498999
17200|0.375664
17202|0.273578
17204|0
17206|0.5
17208|0.0305422
17210|0
17214|0.5
17215|0.5
17218|0
17220|0
17230|0.5
17236|0.50995
17238|0.5
17239|1
17257|0.5
17263|0.5
17265|0.5
17266|1
17281|0.5
17283|0.50995
17284|0.5
17289|0.503436
17290|0.5
17292|0.524114
17294|0.62264
17296|0.5
17302|0
17335|0.799658
17338|1
17343|0.887026
17344|0.50052
17346|1
17350|0.5
17361|0.552331
17362|0.152126
17364|1
17368|0.5
17370|0.514083
17372|0.825953
17375|1
17376|0.5
17377|0.5
17380|0
17398|0.533967
17401|1
17446|0.50995
17452|0.887026
17454|0.607161
17455|1
17500|0.505
17506|0.505
17508|0.524505
17509|1
17524|0.50995
17526|0.500013
17527|0.5
17532|0.500009
17533|0.495
17535|0.495049
17537|0.49995
17539|0.5
17545|0.5
17578|0.503775
17580|0.49995
17581|0.47074
17586|0.857646
17587|0.480346
17589|0.475495
17591|0.614978
17593|0.505
17599|0.477357
17604|0.968791
17605|0.456759
17607|0.47074
17609|0.50995
17611|0.63751
17613|0.456759
17615|0.533967
17618|0.5
17619|0.538628
17620|0.5
17623|0.668859
17625|0.524505
17626|0.400815
17635|0.505
17641|0.595136
17643|0.505
17644|1
17689|0.5
17695|0.5
17697|0.5
17698|1
17740|0.5
17742|0.5
17743|0.5
17748|0.499855
17749|0.495
17751|0.495049
17753|0.5
17755|0.5
17761|0.5
17766|0.5
17767|0.5
17769|0.5
17771|0.5
17773|0.5
17775|0.495
17777|0.50995
17780|0.495
17781|0.5
17782|0.5
17785|0.505
17787|0.5
17788|0.5
17797|0.5
17803|0.5
17805|0.505
17806|1
17820|0.52926
17821|0.49005
17823|0.49005
17825|0.5
17827|0.5
17829|0.48515
17831|0.595136
17834|0.5
17835|0.524505
17836|0.5
17839|0.734547
17841|0.5
17842|0.400815
17847|1
17852|1
17854|1
17858|1
17862|1
17866|1
17868|1
17875|0.5
17877|0.499951
17878|0.495
17883|0.543241
17884|0.495
17886|0.495
17888|0.5
17890|0.5
17896|0.5
17905|0.5
17911|0.578528
17913|0.5
17914|1
17929|0.505
17931|0.499901
17932|0.495
17937|0.5
17938|0.495
17940|0.495
17942|0
17944|0
17950|0.5
18013|0.5
18019|0.5
18021|0.505
18022|1
18067|0.505
18073|0.954276
18075|0.50995
18076|1
18091|0.618829
18093|0.497827
18094|0.466033
18099|0.569971
18100|0.421472
18102|0.466033
18104|0.51485
18106|0.569971
18112|0
18226|0.505
18228|0.500002
18229|0.5
18234|0.505
18235|0.5
18237|0.5
18239|0.5
18241|0.574271
18247|0.505
18252|0.935
18253|1
18255|0.500384
18257|0.500369
18261|0.502321
18263|0.52926
18266|0.5
18267|0.524505
18268|1
18273|0.505
18274|1
18283|0.5
18289|0.5
18291|0.5
18292|1
18306|0.533967
18307|0.519236
18309|0.500131
18311|0.50995
18313|0.569971
18315|1
18320|1
18322|1
18325|0.565627
18327|0.500138
18328|0.400815
18333|0.503292
18335|0.979331
18338|0.508677
18339|0.574271
18340|1
18344|1
18348|1
18351|0.752581
18352|1
18354|0.48515
18356|0.578528
18361|0.569971
18363|0.5
18364|0.5
18370|1
18372|1
18382|0.5
18391|0.5
18397|0.565627
18399|0.505
18400|1
18417|0.51485
18418|1
18423|0.519702
18424|1
18426|0.495
18428|0
18468|0.5
18469|0.5
18471|0.5
18473|0.5
18475|0.5
18477|0.50005
18479|0.5
18482|0.5
18483|0.5
18484|0.49005
18487|0.5
18489|0.5
18490|0.5
18495|0.500392
18497|0.50995
18500|0.5
18501|0.50995
18502|1
18506|0.495
18510|0.5
18512|0.5
18513|0.519702
18514|1
18516|0.5
18518|0.5
18523|0.5
18525|0.5
18526|0.5
18531|0.50995
18532|0.5
18534|0.5
18536|0.5
18538|0.5
18544|0.5
18549|0.5
18551|0.5
18554|0.5
18555|0.5
18556|0.5001
18560|1
18564|1
18567|0.51485
18568|0.5
18570|0.500304
18572|0.807552
18574|0.51485
18578|1
18582|1
18593|1
18594|1
18599|1
18601|1
18603|0.5
18604|0.50005
18606|0.5
18608|0.505
18610|0.50995
18612|1
18617|1
18619|1
18622|0.5
18624|0.5
18625|0.5
18631|0.505
18633|0.500059
18634|0.502219
18639|0.5
18640|0.49515
18642|0.495
18644|0
18646|0
18652|0.533967
18657|0.50995
18658|1
18660|0.495
18662|0
18666|0.5
18668|0
18672|0
18678|0.505
18679|1
18688|0.52926
18694|0.50995
18696|0.5
18697|1
18715|0.5
18721|0.5
18723|0.5
18724|1
18741|0.505
18742|1
18747|0.519702
18748|1
18750|0.5
18752|0.5
18793|0.569971
18795|0.5
18796|0.5
18802|1
18804|1
18814|0
18819|0.991291
18820|1
18822|0.413084
18824|0.574271
18828|1
18833|1
18835|1
18840|0
18850|0.5
18859|1
18912|0.5
18913|1
18985|0
18991|0
18993|0
19039|0
19045|0
19047|0
19063|0
19065|0
19071|0
19076|0
19078|0
19084|0
19201|0
19207|0
19209|0
19225|0
19227|0
19233|0
19238|0
19240|0
19246|0
19279|0
19281|0
19287|0
19292|0
19294|0
19300|0
19336|0
19342|0
19344|0
19390|0
19396|0
19398|0
19552|0
19558|0
19560|0
